51;19;180;180;151;20;1;
51;19;180;180;151;20;2;
51;20;180;179;151;20;3;
51;20;180;179;151;20;4;
51;20;180;179;151;20;5;
51;20;180;179;151;20;6;
51;21;180;178;151;20;7;
51;21;180;178;151;20;8;
51;21;180;178;151;20;9;
51;21;180;178;151;20;10;
51;22;180;177;151;20;11;
51;22;180;177;151;20;12;
51;22;180;177;151;20;13;
51;22;180;177;151;20;14;
51;23;180;176;151;20;15;
51;23;180;176;151;20;16;
51;23;180;176;151;20;17;
51;23;179;176;151;20;18;
51;24;179;176;151;20;19;
51;24;179;175;151;20;20;
51;24;179;175;151;20;21;
51;24;179;175;151;20;22;
51;25;179;175;151;20;23;
51;25;179;174;151;20;24;
51;25;179;174;151;20;25;
51;25;179;174;151;20;26;
51;26;179;174;151;20;27;
51;26;179;173;151;20;28;
51;26;179;173;151;20;29;
51;26;179;173;151;20;30;
51;27;179;173;151;20;31;
51;27;179;173;151;20;32;
51;27;179;172;151;20;33;
51;27;179;172;151;20;34;
51;28;179;172;151;20;35;
51;28;179;172;151;20;36;
51;28;179;171;151;20;37;
51;28;179;171;151;20;38;
51;29;179;171;151;20;39;
51;29;179;171;151;20;40;
51;29;179;170;151;20;41;
51;29;179;170;151;20;42;
51;30;179;170;151;20;43;
51;30;179;170;151;20;44;
51;30;179;169;151;20;45;
51;30;179;169;151;20;46;
51;31;179;169;151;20;47;
51;31;179;169;151;20;48;
51;31;179;169;151;20;49;
51;31;179;168;151;20;50;
51;32;179;168;151;20;51;
51;32;179;168;151;20;52;
51;32;179;168;151;20;53;
51;32;178;167;151;20;54;
51;33;178;167;151;20;55;
51;33;178;167;151;20;56;
51;33;178;167;151;20;57;
51;33;178;166;151;20;58;
51;34;178;166;151;20;59;
51;34;178;166;151;20;60;
51;34;178;166;151;20;61;
51;34;178;165;151;20;62;
51;34;178;165;151;20;63;
51;35;178;165;151;20;64;
51;35;178;165;151;20;65;
51;35;178;165;151;20;66;
51;35;178;164;151;20;67;
51;36;178;164;151;20;68;
51;36;178;164;151;20;69;
51;36;178;164;151;20;70;
51;36;178;163;151;20;71;
51;37;178;163;151;20;72;
51;37;178;163;151;20;73;
51;37;178;163;151;20;74;
51;37;178;162;151;20;75;
51;38;178;162;151;20;76;
51;38;178;162;151;20;77;
51;38;178;162;151;20;78;
51;38;178;162;151;20;79;
51;39;178;161;151;20;80;
51;39;178;161;151;20;81;
51;39;178;161;151;20;82;
51;39;178;161;151;20;83;
51;40;178;160;151;20;84;
51;40;178;160;151;20;85;
51;40;178;160;151;20;86;
51;40;178;160;151;20;87;
51;41;178;159;151;20;88;
51;41;178;159;151;20;89;
51;41;177;159;151;20;90;
51;41;177;159;151;20;91;
51;42;177;158;151;20;92;
51;42;177;158;151;20;93;
51;42;177;158;151;20;94;
51;42;177;158;151;20;95;
51;43;177;158;151;20;96;
51;43;177;157;151;20;97;
51;43;177;157;151;20;98;
51;43;177;157;151;20;99;
51;44;177;157;151;20;100;
51;44;177;156;151;20;101;
51;44;177;156;151;20;102;
51;44;177;156;151;20;103;
51;45;177;156;151;20;104;
51;45;177;155;151;20;105;
51;45;177;155;151;20;106;
51;45;177;155;151;20;107;
51;46;177;155;151;20;108;
51;46;177;154;151;20;109;
51;46;177;154;151;20;110;
51;46;177;154;151;20;111;
51;47;177;154;151;20;112;
51;47;177;154;151;20;113;
51;47;177;153;151;20;114;
51;47;177;153;151;20;115;
51;48;177;153;151;20;116;
51;48;177;153;151;20;117;
51;48;177;152;151;20;118;
51;48;177;152;151;20;119;
51;49;177;152;151;20;120;
51;49;177;152;151;20;121;
51;49;177;151;151;20;122;
51;49;177;151;151;20;123;
51;50;177;151;151;20;124;
51;50;176;151;151;20;125;
51;50;176;151;151;20;126;
51;50;176;150;151;20;127;
51;50;176;150;151;20;128;
51;51;176;150;151;20;129;
51;51;176;150;151;20;130;
51;51;176;149;151;20;131;
51;51;176;149;151;20;132;
51;52;176;149;151;20;133;
51;52;176;149;151;20;134;
51;52;176;148;151;20;135;
51;52;176;148;151;20;136;
51;53;176;148;151;20;137;
51;53;176;148;151;20;138;
51;53;176;147;151;20;139;
51;53;176;147;151;20;140;
51;54;176;147;151;20;141;
51;54;176;147;151;20;142;
51;54;176;147;151;20;143;
51;54;176;146;151;20;144;
51;55;176;146;151;20;145;
51;55;176;146;151;20;146;
51;55;176;146;151;20;147;
51;55;176;145;151;20;148;
51;56;176;145;151;20;149;
51;56;176;145;151;20;150;
51;56;176;145;151;20;151;
51;56;176;144;151;20;152;
51;57;176;144;151;20;153;
51;57;176;144;151;20;154;
51;57;176;144;151;20;155;
51;57;176;143;151;20;156;
51;58;176;143;151;20;157;
51;58;176;143;151;20;158;
51;58;176;143;151;20;159;
51;58;176;143;151;20;160;
51;59;175;142;151;20;161;
51;59;175;142;151;20;162;
51;59;175;142;151;20;163;
51;59;175;142;151;20;164;
51;60;175;141;151;20;165;
51;60;175;141;151;20;166;
51;60;175;141;151;20;167;
51;60;175;141;151;20;168;
51;61;175;140;151;20;169;
51;61;175;140;151;20;170;
51;61;175;140;151;20;171;
51;61;175;140;151;20;172;
51;62;175;140;151;20;173;
51;62;175;139;151;20;174;
51;62;175;139;151;20;175;
51;62;175;139;151;20;176;
51;63;175;139;151;20;177;
51;63;175;138;151;20;178;
51;63;175;138;151;20;179;
51;63;175;138;151;20;180;
51;64;175;138;151;20;181;
51;64;175;137;151;20;182;
51;64;175;137;151;20;183;
51;64;175;137;151;20;184;
51;65;175;137;151;20;185;
51;65;175;136;151;20;186;
51;65;175;136;151;20;187;
51;65;175;136;151;20;188;
51;65;175;136;151;20;189;
51;66;175;136;151;20;190;
51;66;175;135;151;20;191;
51;66;175;135;151;20;192;
51;66;175;135;151;20;193;
51;67;175;135;151;20;194;
51;67;175;134;151;20;195;
51;67;175;134;151;20;196;
51;67;174;134;151;20;197;
51;68;174;134;151;20;198;
51;68;174;133;151;20;199;
51;68;174;133;151;20;200;
51;68;174;133;151;20;201;
51;69;174;133;151;20;202;
51;69;174;132;151;20;203;
51;69;174;132;151;20;204;
51;69;174;132;151;20;205;
51;70;174;132;151;20;206;
51;70;174;132;151;20;207;
51;70;174;131;151;20;208;
51;70;174;131;151;20;209;
51;71;174;131;151;20;210;
51;71;174;131;151;20;211;
51;71;174;130;151;20;212;
51;71;174;130;151;20;213;
51;72;174;130;151;20;214;
51;72;174;130;151;20;215;
51;72;174;129;151;20;216;
51;72;174;129;151;20;217;
51;73;174;129;151;20;218;
51;73;174;129;151;20;219;
51;73;174;129;151;20;220;
51;73;174;128;151;20;221;
51;74;174;128;151;20;222;
51;74;174;128;151;20;223;
51;74;174;128;151;20;224;
51;74;174;127;151;20;225;
51;75;174;127;151;20;226;
51;75;174;127;151;20;227;
51;75;174;127;151;20;228;
51;75;174;126;151;20;229;
51;76;174;126;151;20;230;
51;76;174;126;151;20;231;
51;76;174;126;151;20;232;
51;76;173;125;151;20;233;
51;77;173;125;151;20;234;
51;77;173;125;151;20;235;
51;77;173;125;151;20;236;
51;77;173;125;151;20;237;
51;78;173;124;151;20;238;
51;78;173;124;151;20;239;
51;78;173;124;151;20;240;
51;78;173;124;151;20;241;
51;79;173;123;151;20;242;
51;79;173;123;151;20;243;
51;79;173;123;151;20;244;
51;79;173;123;151;20;245;
51;80;173;122;151;20;246;
51;80;173;122;151;20;247;
51;80;173;122;151;20;248;
51;80;173;122;151;20;249;
51;80;173;122;151;20;250;
51;81;173;121;151;20;251;
51;81;173;121;151;20;252;
51;81;173;121;151;20;253;
51;81;173;121;151;20;254;
51;82;173;120;151;20;255;
51;82;173;120;151;20;256;
51;82;173;120;151;20;257;
51;82;173;120;151;20;258;
51;83;173;119;151;20;259;
51;83;173;119;151;20;260;
51;83;173;119;151;20;261;
51;83;173;119;151;20;262;
51;84;173;118;151;20;263;
51;84;173;118;151;20;264;
51;84;173;118;151;20;265;
51;84;173;118;151;20;266;
51;85;173;118;151;20;267;
51;85;172;117;151;20;268;
51;85;172;117;151;20;269;
51;85;172;117;151;20;270;
51;86;172;117;151;20;271;
51;86;172;116;151;20;272;
51;86;172;116;151;20;273;
51;86;172;116;151;20;274;
51;87;172;116;151;20;275;
51;87;172;115;151;20;276;
51;87;172;115;151;20;277;
51;87;172;115;151;20;278;
51;88;172;115;151;20;279;
51;88;172;114;151;20;280;
51;88;172;114;151;20;281;
51;88;172;114;151;20;282;
51;89;172;114;151;20;283;
51;89;172;114;151;20;284;
51;89;172;113;151;20;285;
51;89;172;113;151;20;286;
51;90;172;113;151;20;287;
51;90;172;113;151;20;288;
51;90;172;112;151;20;289;
51;90;172;112;151;20;290;
51;91;172;112;151;20;291;
51;91;172;112;151;20;292;
51;91;172;111;151;20;293;
51;91;172;111;151;20;294;
51;92;172;111;151;20;295;
51;92;172;111;151;20;296;
51;92;172;111;151;20;297;
51;92;172;110;151;20;298;
51;93;172;110;151;20;299;
51;93;172;110;151;20;300;
51;93;172;110;151;20;301;
51;93;172;109;151;20;302;
51;94;172;109;151;20;303;
51;94;171;109;151;20;304;
51;94;171;109;151;20;305;
51;94;171;108;151;20;306;
51;95;171;108;151;20;307;
51;95;171;108;151;20;308;
51;95;171;108;151;20;309;
51;95;171;107;151;20;310;
51;96;171;107;151;20;311;
51;96;171;107;151;20;312;
51;96;171;107;151;20;313;
51;96;171;107;151;20;314;
51;96;171;106;151;20;315;
51;97;171;106;151;20;316;
51;97;171;106;151;20;317;
51;97;171;106;151;20;318;
51;97;171;105;151;20;319;
51;98;171;105;151;20;320;
51;98;171;105;151;20;321;
51;98;171;105;151;20;322;
51;98;171;104;151;20;323;
51;99;171;104;151;20;324;
51;99;171;104;151;20;325;
51;99;171;104;151;20;326;
51;99;171;103;151;20;327;
51;100;171;103;151;20;328;
51;100;171;103;151;20;329;
51;100;171;103;151;20;330;
51;100;171;103;151;20;331;
51;101;171;102;151;20;332;
51;101;171;102;151;20;333;
51;101;171;102;151;20;334;
51;101;171;102;151;20;335;
51;102;171;101;151;20;336;
51;102;171;101;151;20;337;
51;102;171;101;151;20;338;
51;102;171;101;151;20;339;
51;103;170;100;151;20;340;
51;103;170;100;151;20;341;
51;103;170;100;151;20;342;
51;103;170;100;151;20;343;
51;104;170;100;151;20;344;
51;104;170;99;151;20;345;
51;104;170;99;151;20;346;
51;104;170;99;151;20;347;
51;105;170;99;151;20;348;
51;105;170;98;151;20;349;
51;105;170;98;151;20;350;
51;105;170;98;151;20;351;
51;106;170;98;151;20;352;
51;106;170;97;151;20;353;
51;106;170;97;151;20;354;
51;106;170;97;151;20;355;
51;107;170;97;151;20;356;
51;107;170;96;151;20;357;
51;107;170;96;151;20;358;
51;107;170;96;151;20;359;
51;108;170;96;151;20;360;
51;108;170;96;151;20;361;
51;108;170;95;151;20;362;
51;108;170;95;151;20;363;
51;109;170;95;151;20;364;
51;109;170;95;151;20;365;
51;109;170;94;151;20;366;
51;109;170;94;151;20;367;
51;110;170;94;151;20;368;
51;110;170;94;151;20;369;
51;110;170;93;151;20;370;
51;110;170;93;151;20;371;
51;111;170;93;151;20;372;
51;111;170;93;151;20;373;
51;111;170;92;151;20;374;
51;111;170;92;151;20;375;
51;111;169;92;151;20;376;
51;112;169;92;151;20;377;
51;112;169;92;151;20;378;
51;112;169;91;151;20;379;
51;112;169;91;151;20;380;
51;113;169;91;151;20;381;
51;113;169;91;151;20;382;
51;113;169;90;151;20;383;
51;113;169;90;151;20;384;
51;114;169;90;151;20;385;
51;114;169;90;151;20;386;
51;114;169;89;151;20;387;
51;114;169;89;151;20;388;
51;115;169;89;151;20;389;
51;115;169;89;151;20;390;
51;115;169;89;151;20;391;
51;115;169;88;151;20;392;
51;116;169;88;151;20;393;
51;116;169;88;151;20;394;
51;116;169;88;151;20;395;
51;116;169;87;151;20;396;
51;117;169;87;151;20;397;
51;117;169;87;151;20;398;
51;117;169;87;151;20;399;
51;117;169;86;151;20;400;
51;118;169;86;151;20;401;
51;118;169;86;151;20;402;
51;118;169;86;151;20;403;
51;118;169;85;151;20;404;
51;119;169;85;151;20;405;
51;119;169;85;151;20;406;
51;119;169;85;151;20;407;
51;119;169;85;151;20;408;
51;120;169;84;151;20;409;
51;120;169;84;151;20;410;
51;120;168;84;151;20;411;
51;120;168;84;151;20;412;
51;121;168;83;151;20;413;
51;121;168;83;151;20;414;
51;121;168;83;151;20;415;
51;121;168;83;151;20;416;
51;122;168;82;151;20;417;
51;122;168;82;151;20;418;
51;122;168;82;151;20;419;
51;122;168;82;151;20;420;
51;123;168;81;151;20;421;
51;123;168;81;151;20;422;
51;123;168;81;151;20;423;
51;123;168;81;151;20;424;
51;124;168;81;151;20;425;
51;124;168;80;151;20;426;
51;124;168;80;151;20;427;
51;124;168;80;151;20;428;
51;125;168;80;151;20;429;
51;125;168;79;151;20;430;
51;125;168;79;151;20;431;
51;125;168;79;151;20;432;
51;126;168;79;151;20;433;
51;126;168;78;151;20;434;
51;126;168;78;151;20;435;
51;126;168;78;151;20;436;
51;127;168;78;151;20;437;
51;127;168;78;151;20;438;
51;127;168;77;151;20;439;
51;127;168;77;151;20;440;
51;127;168;77;151;20;441;
51;128;168;77;151;20;442;
51;128;168;76;151;20;443;
51;128;168;76;151;20;444;
51;128;168;76;151;20;445;
51;129;168;76;151;20;446;
51;129;167;75;151;20;447;
51;129;167;75;151;20;448;
51;129;167;75;151;20;449;
51;130;167;75;151;20;450;
51;130;167;74;151;20;451;
51;130;167;74;151;20;452;
51;130;167;74;151;20;453;
51;131;167;74;151;20;454;
51;131;167;74;151;20;455;
51;131;167;73;151;20;456;
51;131;167;73;151;20;457;
51;132;167;73;151;20;458;
51;132;167;73;151;20;459;
51;132;167;72;151;20;460;
51;132;167;72;151;20;461;
51;133;167;72;151;20;462;
51;133;167;72;151;20;463;
51;133;167;71;151;20;464;
51;133;167;71;151;20;465;
51;134;167;71;151;20;466;
51;134;167;71;151;20;467;
51;134;167;70;151;20;468;
51;134;167;70;151;20;469;
51;135;167;70;151;20;470;
51;135;167;70;151;20;471;
51;135;167;70;151;20;472;
51;135;167;69;151;20;473;
51;136;167;69;151;20;474;
51;136;167;69;151;20;475;
51;136;167;69;151;20;476;
51;136;167;68;151;20;477;
51;137;167;68;151;20;478;
51;137;167;68;151;20;479;
51;137;167;68;151;20;480;
51;137;167;67;151;20;481;
51;138;167;67;151;20;482;
51;138;166;67;151;20;483;
51;138;166;67;151;20;484;
51;138;166;67;151;20;485;
51;139;166;66;151;20;486;
51;139;166;66;151;20;487;
51;139;166;66;151;20;488;
51;139;166;66;151;20;489;
51;140;166;65;151;20;490;
51;140;166;65;151;20;491;
51;140;166;65;151;20;492;
51;140;166;65;151;20;493;
51;141;166;64;151;20;494;
51;141;166;64;151;20;495;
51;141;166;64;151;20;496;
51;141;166;64;151;20;497;
51;142;166;63;151;20;498;
51;142;166;63;151;20;499;
51;142;166;63;151;20;500;
51;142;166;63;151;20;1;
51;142;166;63;151;20;2;
52;142;166;63;151;20;3;
52;142;166;63;151;20;4;
52;142;166;63;151;20;5;
52;142;166;63;151;20;6;
53;142;166;63;151;20;7;
53;142;166;63;151;20;8;
53;142;166;63;151;20;9;
53;142;166;63;151;20;10;
54;142;166;63;151;20;11;
54;142;166;63;151;20;12;
54;142;166;63;151;20;13;
54;142;166;63;151;20;14;
55;142;166;63;151;20;15;
55;142;166;63;151;20;16;
55;142;166;63;151;20;17;
55;142;166;63;151;20;18;
55;142;166;63;151;20;19;
56;142;166;63;151;20;20;
56;142;166;63;151;20;21;
56;142;166;63;151;20;22;
56;142;166;63;151;20;23;
57;142;166;63;151;20;24;
57;142;166;63;151;20;25;
57;142;166;63;151;20;26;
57;142;166;63;151;20;27;
58;142;166;63;151;20;28;
58;142;166;63;151;20;29;
58;142;166;63;151;20;30;
58;142;166;63;151;20;31;
59;142;166;63;151;20;32;
59;142;166;63;151;20;33;
59;142;166;63;151;20;34;
59;142;166;63;151;20;35;
59;142;166;63;151;20;36;
60;142;166;63;151;20;37;
60;142;166;63;151;20;38;
60;142;166;63;151;20;39;
60;142;166;63;151;20;40;
61;142;166;63;151;20;41;
61;142;166;63;151;20;42;
61;142;166;63;151;20;43;
61;142;166;63;151;20;44;
62;142;166;63;151;20;45;
62;142;166;63;151;20;46;
62;142;166;63;151;20;47;
62;142;166;63;151;20;48;
63;142;166;63;151;20;49;
63;142;166;63;151;20;50;
63;142;166;63;151;20;51;
63;142;166;63;151;20;52;
64;142;166;63;151;20;53;
64;142;166;63;151;20;54;
64;142;166;63;151;20;55;
64;142;166;63;151;20;56;
64;142;166;63;151;20;57;
65;142;166;63;151;20;58;
65;142;166;63;151;20;59;
65;142;166;63;151;20;60;
65;142;166;63;151;20;61;
66;142;166;63;151;20;62;
66;142;166;63;151;20;63;
66;142;166;63;151;20;64;
66;142;166;63;151;20;65;
67;142;166;63;151;20;66;
67;142;166;63;151;20;67;
67;142;166;63;151;20;68;
67;142;166;63;151;20;69;
68;142;166;63;151;20;70;
68;142;166;63;151;20;71;
68;142;166;63;151;20;72;
68;142;166;63;151;20;73;
68;142;166;63;151;20;74;
69;142;166;63;151;20;75;
69;142;166;63;151;20;76;
69;142;166;63;151;20;77;
69;142;166;63;151;20;78;
70;142;166;63;151;20;79;
70;142;166;63;151;20;80;
70;142;166;63;151;20;81;
70;142;166;63;151;20;82;
71;142;166;63;151;20;83;
71;142;166;63;151;20;84;
71;142;166;63;151;20;85;
71;142;166;63;151;20;86;
72;142;166;63;151;20;87;
72;142;166;63;151;20;88;
72;142;166;63;151;20;89;
72;142;166;63;151;20;90;
72;142;166;63;151;20;91;
73;142;166;63;151;20;92;
73;142;166;63;151;20;93;
73;142;166;63;151;20;94;
73;142;166;63;151;20;95;
74;142;166;63;151;20;96;
74;142;166;63;151;20;97;
74;142;166;63;151;20;98;
74;142;166;63;151;20;99;
75;142;166;63;151;20;100;
75;142;166;63;151;20;101;
75;142;166;63;151;20;102;
75;142;166;63;151;20;103;
76;142;166;63;151;20;104;
76;142;166;63;151;20;105;
76;142;166;63;151;20;106;
76;142;166;63;151;20;107;
76;142;166;63;151;20;108;
77;142;166;63;151;20;109;
77;142;166;63;151;20;110;
77;142;166;63;151;20;111;
77;142;166;63;151;20;112;
78;142;166;63;151;20;113;
78;142;166;63;151;20;114;
78;142;166;63;151;20;115;
78;142;166;63;151;20;116;
79;142;166;63;151;20;117;
79;142;166;63;151;20;118;
79;142;166;63;151;20;119;
79;142;166;63;151;20;120;
80;142;166;63;151;20;121;
80;142;166;63;151;20;122;
80;142;166;63;151;20;123;
80;142;166;63;151;20;124;
80;142;166;63;151;20;125;
81;142;166;63;151;20;126;
81;142;166;63;151;20;127;
81;142;166;63;151;20;128;
81;142;166;63;151;20;129;
82;142;166;63;151;20;130;
82;142;166;63;151;20;131;
82;142;166;63;151;20;132;
82;142;166;63;151;20;133;
83;142;166;63;151;20;134;
83;142;166;63;151;20;135;
83;142;166;63;151;20;136;
83;142;166;63;151;20;137;
84;142;166;63;151;20;138;
84;142;166;63;151;20;139;
84;142;166;63;151;20;140;
84;142;166;63;151;20;141;
85;142;166;63;151;20;142;
85;142;166;63;151;20;143;
85;142;166;63;151;20;144;
85;142;166;63;151;20;145;
85;142;166;63;151;20;146;
86;142;166;63;151;20;147;
86;142;166;63;151;20;148;
86;142;166;63;151;20;149;
86;142;166;63;151;20;150;
87;142;166;63;151;20;151;
87;142;166;63;151;20;152;
87;142;166;63;151;20;153;
87;142;166;63;151;20;154;
88;142;166;63;151;20;155;
88;142;166;63;151;20;156;
88;142;166;63;151;20;157;
88;142;166;63;151;20;158;
89;142;166;63;151;20;159;
89;142;166;63;151;20;160;
89;142;166;63;151;20;161;
89;142;166;63;151;20;162;
89;142;166;63;151;20;163;
90;142;166;63;151;20;164;
90;142;166;63;151;20;165;
90;142;166;63;151;20;166;
90;142;166;63;151;20;167;
91;142;166;63;151;20;168;
91;142;166;63;151;20;169;
91;142;166;63;151;20;170;
91;142;166;63;151;20;171;
92;142;166;63;151;20;172;
92;142;166;63;151;20;173;
92;142;166;63;151;20;174;
92;142;166;63;151;20;175;
93;142;166;63;151;20;176;
93;142;166;63;151;20;177;
93;142;166;63;151;20;178;
93;142;166;63;151;20;179;
93;142;166;63;151;20;180;
94;142;166;63;151;20;181;
94;142;166;63;151;20;182;
94;142;166;63;151;20;183;
94;142;166;63;151;20;184;
95;142;166;63;151;20;185;
95;142;166;63;151;20;186;
95;142;166;63;151;20;187;
95;142;166;63;151;20;188;
96;142;166;63;151;20;189;
96;142;166;63;151;20;190;
96;142;166;63;151;20;191;
96;142;166;63;151;20;192;
97;142;166;63;151;20;193;
97;142;166;63;151;20;194;
97;142;166;63;151;20;195;
97;142;166;63;151;20;196;
97;142;166;63;151;20;197;
98;142;166;63;151;20;198;
98;142;166;63;151;20;199;
98;142;166;63;151;20;200;
98;142;166;63;151;20;201;
99;142;166;63;151;20;202;
99;142;166;63;151;20;203;
99;142;166;63;151;20;204;
99;142;166;63;151;20;205;
100;142;166;63;151;20;206;
100;142;166;63;151;20;207;
100;142;166;63;151;20;208;
100;142;166;63;151;20;209;
101;142;166;63;151;20;210;
101;142;166;63;151;20;211;
101;142;166;63;151;20;212;
101;142;166;63;151;20;213;
102;142;166;63;151;20;214;
102;142;166;63;151;20;215;
102;142;166;63;151;20;216;
102;142;166;63;151;20;217;
102;142;166;63;151;20;218;
103;142;166;63;151;20;219;
103;142;166;63;151;20;220;
103;142;166;63;151;20;221;
103;142;166;63;151;20;222;
104;142;166;63;151;20;223;
104;142;166;63;151;20;224;
104;142;166;63;151;20;225;
104;142;166;63;151;20;226;
105;142;166;63;151;20;227;
105;142;166;63;151;20;228;
105;142;166;63;151;20;229;
105;142;166;63;151;20;230;
106;142;166;63;151;20;231;
106;142;166;63;151;20;232;
106;142;166;63;151;20;233;
106;142;166;63;151;20;234;
106;142;166;63;151;20;235;
107;142;166;63;151;20;236;
107;142;166;63;151;20;237;
107;142;166;63;151;20;238;
107;142;166;63;151;20;239;
108;142;166;63;151;20;240;
108;142;166;63;151;20;241;
108;142;166;63;151;20;242;
108;142;166;63;151;20;243;
109;142;166;63;151;20;244;
109;142;166;63;151;20;245;
109;142;166;63;151;20;246;
109;142;166;63;151;20;247;
110;142;166;63;151;20;248;
110;142;166;63;151;20;249;
110;142;166;63;151;20;250;
110;142;166;63;151;20;251;
110;142;166;63;151;20;252;
111;142;166;63;151;20;253;
111;142;166;63;151;20;254;
111;142;166;63;151;20;255;
111;142;166;63;151;20;256;
112;142;166;63;151;20;257;
112;142;166;63;151;20;258;
112;142;166;63;151;20;259;
112;142;166;63;151;20;260;
113;142;166;63;151;20;261;
113;142;166;63;151;20;262;
113;142;166;63;151;20;263;
113;142;166;63;151;20;264;
114;142;166;63;151;20;265;
114;142;166;63;151;20;266;
114;142;166;63;151;20;267;
114;142;166;63;151;20;268;
114;142;166;63;151;20;269;
115;142;166;63;151;20;270;
115;142;166;63;151;20;271;
115;142;166;63;151;20;272;
115;142;166;63;151;20;273;
116;142;166;63;151;20;274;
116;142;166;63;151;20;275;
116;142;166;63;151;20;276;
116;142;166;63;151;20;277;
117;142;166;63;151;20;278;
117;142;166;63;151;20;279;
117;142;166;63;151;20;280;
117;142;166;63;151;20;281;
118;142;166;63;151;20;282;
118;142;166;63;151;20;283;
118;142;166;63;151;20;284;
118;142;166;63;151;20;285;
118;142;166;63;151;20;286;
119;142;166;63;151;20;287;
119;142;166;63;151;20;288;
119;142;166;63;151;20;289;
119;142;166;63;151;20;290;
120;142;166;63;151;20;291;
120;142;166;63;151;20;292;
120;142;166;63;151;20;293;
120;142;166;63;151;20;294;
121;142;166;63;151;20;295;
121;142;166;63;151;20;296;
121;142;166;63;151;20;297;
121;142;166;63;151;20;298;
122;142;166;63;151;20;299;
122;142;166;63;151;20;300;
122;142;166;63;151;20;301;
122;142;166;63;151;20;302;
123;142;166;63;151;20;303;
123;142;166;63;151;20;304;
123;142;166;63;151;20;305;
123;142;166;63;151;20;306;
123;142;166;63;151;20;307;
124;142;166;63;151;20;308;
124;142;166;63;151;20;309;
124;142;166;63;151;20;310;
124;142;166;63;151;20;311;
125;142;166;63;151;20;312;
125;142;166;63;151;20;313;
125;142;166;63;151;20;314;
125;142;166;63;151;20;315;
126;142;166;63;151;20;316;
126;142;166;63;151;20;317;
126;142;166;63;151;20;318;
126;142;166;63;151;20;319;
127;142;166;63;151;20;320;
127;142;166;63;151;20;321;
127;142;166;63;151;20;322;
127;142;166;63;151;20;323;
127;142;166;63;151;20;324;
128;142;166;63;151;20;325;
128;142;166;63;151;20;326;
128;142;166;63;151;20;327;
128;142;166;63;151;20;328;
129;142;166;63;151;20;329;
129;142;166;63;151;20;330;
129;142;166;63;151;20;331;
129;142;166;63;151;20;332;
130;142;166;63;151;20;333;
130;142;166;63;151;20;334;
130;142;166;63;151;20;335;
130;142;166;63;151;20;336;
131;142;166;63;151;20;337;
131;142;166;63;151;20;338;
131;142;166;63;151;20;339;
131;142;166;63;151;20;340;
131;142;166;63;151;20;341;
132;142;166;63;151;20;342;
132;142;166;63;151;20;343;
132;142;166;63;151;20;344;
132;142;166;63;151;20;345;
133;142;166;63;151;20;346;
133;142;166;63;151;20;347;
133;142;166;63;151;20;348;
133;142;166;63;151;20;349;
134;142;166;63;151;20;350;
134;142;166;63;151;20;351;
134;142;166;63;151;20;352;
134;142;166;63;151;20;353;
135;142;166;63;151;20;354;
135;142;166;63;151;20;355;
135;142;166;63;151;20;356;
135;142;166;63;151;20;357;
135;142;166;63;151;20;358;
136;142;166;63;151;20;359;
136;142;166;63;151;20;360;
136;142;166;63;151;20;361;
136;142;166;63;151;20;362;
137;142;166;63;151;20;363;
137;142;166;63;151;20;364;
137;142;166;63;151;20;365;
137;142;166;63;151;20;366;
138;142;166;63;151;20;367;
138;142;166;63;151;20;368;
138;142;166;63;151;20;369;
138;142;166;63;151;20;370;
139;142;166;63;151;20;371;
139;142;166;63;151;20;372;
139;142;166;63;151;20;373;
139;142;166;63;151;20;374;
140;142;166;63;151;20;375;
140;142;166;63;151;20;376;
140;142;166;63;151;20;377;
140;142;166;63;151;20;378;
140;142;166;63;151;20;379;
141;142;166;63;151;20;380;
141;142;166;63;151;20;381;
141;142;166;63;151;20;382;
141;142;166;63;151;20;383;
142;142;166;63;151;20;384;
142;142;166;63;151;20;385;
142;142;166;63;151;20;386;
142;142;166;63;151;20;387;
143;142;166;63;151;20;388;
143;142;166;63;151;20;389;
143;142;166;63;151;20;390;
143;142;166;63;151;20;391;
144;142;166;63;151;20;392;
144;142;166;63;151;20;393;
144;142;166;63;151;20;394;
144;142;166;63;151;20;395;
144;142;166;63;151;20;396;
145;142;166;63;151;20;397;
145;142;166;63;151;20;398;
145;142;166;63;151;20;399;
145;142;166;63;151;20;400;
146;142;166;63;151;20;401;
146;142;166;63;151;20;402;
146;142;166;63;151;20;403;
146;142;166;63;151;20;404;
147;142;166;63;151;20;405;
147;142;166;63;151;20;406;
147;142;166;63;151;20;407;
147;142;166;63;151;20;408;
148;142;166;63;151;20;409;
148;142;166;63;151;20;410;
148;142;166;63;151;20;411;
148;142;166;63;151;20;412;
148;142;166;63;151;20;413;
149;142;166;63;151;20;414;
149;142;166;63;151;20;415;
149;142;166;63;151;20;416;
149;142;166;63;151;20;417;
150;142;166;63;151;20;418;
150;142;166;63;151;20;419;
150;142;166;63;151;20;420;
150;142;166;63;151;20;421;
151;142;166;63;151;20;422;
151;142;166;63;151;20;423;
151;142;166;63;151;20;424;
151;142;166;63;151;20;425;
152;142;166;63;151;20;426;
152;142;166;63;151;20;427;
152;142;166;63;151;20;428;
152;142;166;63;151;20;429;
152;142;166;63;151;20;430;
153;142;166;63;151;20;431;
153;142;166;63;151;20;432;
153;142;166;63;151;20;433;
153;142;166;63;151;20;434;
154;142;166;63;151;20;435;
154;142;166;63;151;20;436;
154;142;166;63;151;20;437;
154;142;166;63;151;20;438;
155;142;166;63;151;20;439;
155;142;166;63;151;20;440;
155;142;166;63;151;20;441;
155;142;166;63;151;20;442;
156;142;166;63;151;20;443;
156;142;166;63;151;20;444;
156;142;166;63;151;20;445;
156;142;166;63;151;20;446;
156;142;166;63;151;20;447;
157;142;166;63;151;20;448;
157;142;166;63;151;20;449;
157;142;166;63;151;20;450;
157;142;166;63;151;20;451;
158;142;166;63;151;20;452;
158;142;166;63;151;20;453;
158;142;166;63;151;20;454;
158;142;166;63;151;20;455;
159;142;166;63;151;20;456;
159;142;166;63;151;20;457;
159;142;166;63;151;20;458;
159;142;166;63;151;20;459;
160;142;166;63;151;20;460;
160;142;166;63;151;20;461;
160;142;166;63;151;20;462;
160;142;166;63;151;20;463;
161;142;166;63;151;20;464;
161;142;166;63;151;20;465;
161;142;166;63;151;20;466;
161;142;166;63;151;20;467;
161;142;166;63;151;20;468;
162;142;166;63;151;20;469;
162;142;166;63;151;20;470;
162;142;166;63;151;20;471;
162;142;166;63;151;20;472;
163;142;166;63;151;20;473;
163;142;166;63;151;20;474;
163;142;166;63;151;20;475;
163;142;166;63;151;20;476;
164;142;166;63;151;20;477;
164;142;166;63;151;20;478;
164;142;166;63;151;20;479;
164;142;166;63;151;20;480;
165;142;166;63;151;20;481;
165;142;166;63;151;20;482;
165;142;166;63;151;20;483;
165;142;166;63;151;20;484;
165;142;166;63;151;20;485;
166;142;166;63;151;20;486;
166;142;166;63;151;20;487;
166;142;166;63;151;20;488;
166;142;166;63;151;20;489;
167;142;166;63;151;20;490;
167;142;166;63;151;20;491;
167;142;166;63;151;20;492;
167;142;166;63;151;20;493;
168;142;166;63;151;20;494;
168;142;166;63;151;20;495;
168;142;166;63;151;20;496;
168;142;166;63;151;20;497;
169;142;166;63;151;20;498;
169;142;166;63;151;20;499;
169;142;166;63;151;20;500;
169;142;166;63;151;20;1;
169;142;166;63;151;20;2;
169;141;166;63;151;20;3;
169;141;166;63;151;20;4;
169;141;166;63;151;20;5;
169;141;166;63;151;20;6;
169;141;166;63;151;20;7;
169;141;166;63;151;20;8;
169;140;166;63;151;20;9;
169;140;166;63;151;20;10;
169;140;166;63;151;20;11;
169;140;166;63;151;20;12;
169;140;166;63;151;20;13;
169;140;166;63;151;20;14;
169;139;166;63;151;20;15;
169;139;166;63;151;20;16;
169;139;166;63;151;20;17;
169;139;166;63;151;20;18;
169;139;166;63;151;20;19;
169;139;166;63;151;20;20;
169;138;166;63;151;20;21;
169;138;166;63;151;20;22;
169;138;166;63;151;20;23;
169;138;166;63;151;20;24;
169;138;166;63;151;20;25;
169;137;166;63;151;20;26;
169;137;166;63;151;20;27;
169;137;166;63;151;20;28;
169;137;166;63;151;20;29;
169;137;166;63;151;20;30;
169;137;166;63;151;20;31;
169;136;166;63;151;20;32;
169;136;166;63;151;20;33;
169;136;166;63;151;20;34;
169;136;166;63;151;20;35;
169;136;166;63;151;20;36;
169;136;166;63;151;20;37;
169;135;166;63;151;20;38;
169;135;166;63;151;20;39;
169;135;166;63;151;20;40;
169;135;166;63;151;20;41;
169;135;166;63;151;20;42;
169;135;166;63;151;20;43;
169;134;166;63;151;20;44;
169;134;166;63;151;20;45;
169;134;166;63;151;20;46;
169;134;166;63;151;20;47;
169;134;166;63;151;20;48;
169;133;166;63;151;20;49;
169;133;166;63;151;20;50;
169;133;166;63;151;20;51;
169;133;166;63;151;20;52;
169;133;166;63;151;20;53;
169;133;166;63;151;20;54;
169;132;166;63;151;20;55;
169;132;166;63;151;20;56;
169;132;166;63;151;20;57;
169;132;166;63;151;20;58;
169;132;166;63;151;20;59;
169;132;166;63;151;20;60;
169;131;166;63;151;20;61;
169;131;166;63;151;20;62;
169;131;166;63;151;20;63;
169;131;166;63;151;20;64;
169;131;166;63;151;20;65;
169;131;166;63;151;20;66;
169;130;166;63;151;20;67;
169;130;166;63;151;20;68;
169;130;166;63;151;20;69;
169;130;166;63;151;20;70;
169;130;166;63;151;20;71;
169;129;166;63;151;20;72;
169;129;166;63;151;20;73;
169;129;166;63;151;20;74;
169;129;166;63;151;20;75;
169;129;166;63;151;20;76;
169;129;166;63;151;20;77;
169;128;166;63;151;20;78;
169;128;166;63;151;20;79;
169;128;166;63;151;20;80;
169;128;166;63;151;20;81;
169;128;166;63;151;20;82;
169;128;166;63;151;20;83;
169;127;166;63;151;20;84;
169;127;166;63;151;20;85;
169;127;166;63;151;20;86;
169;127;166;63;151;20;87;
169;127;166;63;151;20;88;
169;127;166;63;151;20;89;
169;126;166;63;151;20;90;
169;126;166;63;151;20;91;
169;126;166;63;151;20;92;
169;126;166;63;151;20;93;
169;126;166;63;151;20;94;
169;125;166;63;151;20;95;
169;125;166;63;151;20;96;
169;125;166;63;151;20;97;
169;125;166;63;151;20;98;
169;125;166;63;151;20;99;
169;125;166;63;151;20;100;
169;124;166;63;151;20;101;
169;124;166;63;151;20;102;
169;124;166;63;151;20;103;
169;124;166;63;151;20;104;
169;124;166;63;151;20;105;
169;124;166;63;151;20;106;
169;123;166;63;151;20;107;
169;123;166;63;151;20;108;
169;123;166;63;151;20;109;
169;123;166;63;151;20;110;
169;123;166;63;151;20;111;
169;123;166;63;151;20;112;
169;122;166;63;151;20;113;
169;122;166;63;151;20;114;
169;122;166;63;151;20;115;
169;122;166;63;151;20;116;
169;122;166;63;151;20;117;
169;121;166;63;151;20;118;
169;121;166;63;151;20;119;
169;121;166;63;151;20;120;
169;121;166;63;151;20;121;
169;121;166;63;151;20;122;
169;121;166;63;151;20;123;
169;120;166;63;151;20;124;
169;120;166;63;151;20;125;
169;120;166;63;151;20;126;
169;120;166;63;151;20;127;
169;120;166;63;151;20;128;
169;120;166;63;151;20;129;
169;119;166;63;151;20;130;
169;119;166;63;151;20;131;
169;119;166;63;151;20;132;
169;119;166;63;151;20;133;
169;119;166;63;151;20;134;
169;119;166;63;151;20;135;
169;118;166;63;151;20;136;
169;118;166;63;151;20;137;
169;118;166;63;151;20;138;
169;118;166;63;151;20;139;
169;118;166;63;151;20;140;
169;117;166;63;151;20;141;
169;117;166;63;151;20;142;
169;117;166;63;151;20;143;
169;117;166;63;151;20;144;
169;117;166;63;151;20;145;
169;117;166;63;151;20;146;
169;116;166;63;151;20;147;
169;116;166;63;151;20;148;
169;116;166;63;151;20;149;
169;116;166;63;151;20;150;
169;116;166;63;151;20;151;
169;116;166;63;151;20;152;
169;115;166;63;151;20;153;
169;115;166;63;151;20;154;
169;115;166;63;151;20;155;
169;115;166;63;151;20;156;
169;115;166;63;151;20;157;
169;115;166;63;151;20;158;
169;114;166;63;151;20;159;
169;114;166;63;151;20;160;
169;114;166;63;151;20;161;
169;114;166;63;151;20;162;
169;114;166;63;151;20;163;
169;113;166;63;151;20;164;
169;113;166;63;151;20;165;
169;113;166;63;151;20;166;
169;113;166;63;151;20;167;
169;113;166;63;151;20;168;
169;113;166;63;151;20;169;
169;112;166;63;151;20;170;
169;112;166;63;151;20;171;
169;112;166;63;151;20;172;
169;112;166;63;151;20;173;
169;112;166;63;151;20;174;
169;112;166;63;151;20;175;
169;111;166;63;151;20;176;
169;111;166;63;151;20;177;
169;111;166;63;151;20;178;
169;111;166;63;151;20;179;
169;111;166;63;151;20;180;
169;111;166;63;151;20;181;
169;110;166;63;151;20;182;
169;110;166;63;151;20;183;
169;110;166;63;151;20;184;
169;110;166;63;151;20;185;
169;110;166;63;151;20;186;
169;109;166;63;151;20;187;
169;109;166;63;151;20;188;
169;109;166;63;151;20;189;
169;109;166;63;151;20;190;
169;109;166;63;151;20;191;
169;109;166;63;151;20;192;
169;108;166;63;151;20;193;
169;108;166;63;151;20;194;
169;108;166;63;151;20;195;
169;108;166;63;151;20;196;
169;108;166;63;151;20;197;
169;108;166;63;151;20;198;
169;107;166;63;151;20;199;
169;107;166;63;151;20;200;
169;107;166;63;151;20;201;
169;107;166;63;151;20;202;
169;107;166;63;151;20;203;
169;107;166;63;151;20;204;
169;106;166;63;151;20;205;
169;106;166;63;151;20;206;
169;106;166;63;151;20;207;
169;106;166;63;151;20;208;
169;106;166;63;151;20;209;
169;105;166;63;151;20;210;
169;105;166;63;151;20;211;
169;105;166;63;151;20;212;
169;105;166;63;151;20;213;
169;105;166;63;151;20;214;
169;105;166;63;151;20;215;
169;104;166;63;151;20;216;
169;104;166;63;151;20;217;
169;104;166;63;151;20;218;
169;104;166;63;151;20;219;
169;104;166;63;151;20;220;
169;104;166;63;151;20;221;
169;103;166;63;151;20;222;
169;103;166;63;151;20;223;
169;103;166;63;151;20;224;
169;103;166;63;151;20;225;
169;103;166;63;151;20;226;
169;103;166;63;151;20;227;
169;102;166;63;151;20;228;
169;102;166;63;151;20;229;
169;102;166;63;151;20;230;
169;102;166;63;151;20;231;
169;102;166;63;151;20;232;
169;101;166;63;151;20;233;
169;101;166;63;151;20;234;
169;101;166;63;151;20;235;
169;101;166;63;151;20;236;
169;101;166;63;151;20;237;
169;101;166;63;151;20;238;
169;100;166;63;151;20;239;
169;100;166;63;151;20;240;
169;100;166;63;151;20;241;
169;100;166;63;151;20;242;
169;100;166;63;151;20;243;
169;100;166;63;151;20;244;
169;99;166;63;151;20;245;
169;99;166;63;151;20;246;
169;99;166;63;151;20;247;
169;99;166;63;151;20;248;
169;99;166;63;151;20;249;
169;98;166;63;151;20;250;
169;98;166;63;151;20;251;
169;98;166;63;151;20;252;
169;98;166;63;151;20;253;
169;98;166;63;151;20;254;
169;98;166;63;151;20;255;
169;97;166;63;151;20;256;
169;97;166;63;151;20;257;
169;97;166;63;151;20;258;
169;97;166;63;151;20;259;
169;97;166;63;151;20;260;
169;97;166;63;151;20;261;
169;96;166;63;151;20;262;
169;96;166;63;151;20;263;
169;96;166;63;151;20;264;
169;96;166;63;151;20;265;
169;96;166;63;151;20;266;
169;96;166;63;151;20;267;
169;95;166;63;151;20;268;
169;95;166;63;151;20;269;
169;95;166;63;151;20;270;
169;95;166;63;151;20;271;
169;95;166;63;151;20;272;
169;94;166;63;151;20;273;
169;94;166;63;151;20;274;
169;94;166;63;151;20;275;
169;94;166;63;151;20;276;
169;94;166;63;151;20;277;
169;94;166;63;151;20;278;
169;93;166;63;151;20;279;
169;93;166;63;151;20;280;
169;93;166;63;151;20;281;
169;93;166;63;151;20;282;
169;93;166;63;151;20;283;
169;93;166;63;151;20;284;
169;92;166;63;151;20;285;
169;92;166;63;151;20;286;
169;92;166;63;151;20;287;
169;92;166;63;151;20;288;
169;92;166;63;151;20;289;
169;92;166;63;151;20;290;
169;91;166;63;151;20;291;
169;91;166;63;151;20;292;
169;91;166;63;151;20;293;
169;91;166;63;151;20;294;
169;91;166;63;151;20;295;
169;90;166;63;151;20;296;
169;90;166;63;151;20;297;
169;90;166;63;151;20;298;
169;90;166;63;151;20;299;
169;90;166;63;151;20;300;
169;90;166;63;151;20;301;
169;89;166;63;151;20;302;
169;89;166;63;151;20;303;
169;89;166;63;151;20;304;
169;89;166;63;151;20;305;
169;89;166;63;151;20;306;
169;89;166;63;151;20;307;
169;88;166;63;151;20;308;
169;88;166;63;151;20;309;
169;88;166;63;151;20;310;
169;88;166;63;151;20;311;
169;88;166;63;151;20;312;
169;88;166;63;151;20;313;
169;87;166;63;151;20;314;
169;87;166;63;151;20;315;
169;87;166;63;151;20;316;
169;87;166;63;151;20;317;
169;87;166;63;151;20;318;
169;86;166;63;151;20;319;
169;86;166;63;151;20;320;
169;86;166;63;151;20;321;
169;86;166;63;151;20;322;
169;86;166;63;151;20;323;
169;86;166;63;151;20;324;
169;85;166;63;151;20;325;
169;85;166;63;151;20;326;
169;85;166;63;151;20;327;
169;85;166;63;151;20;328;
169;85;166;63;151;20;329;
169;85;166;63;151;20;330;
169;84;166;63;151;20;331;
169;84;166;63;151;20;332;
169;84;166;63;151;20;333;
169;84;166;63;151;20;334;
169;84;166;63;151;20;335;
169;84;166;63;151;20;336;
169;83;166;63;151;20;337;
169;83;166;63;151;20;338;
169;83;166;63;151;20;339;
169;83;166;63;151;20;340;
169;83;166;63;151;20;341;
169;82;166;63;151;20;342;
169;82;166;63;151;20;343;
169;82;166;63;151;20;344;
169;82;166;63;151;20;345;
169;82;166;63;151;20;346;
169;82;166;63;151;20;347;
169;81;166;63;151;20;348;
169;81;166;63;151;20;349;
169;81;166;63;151;20;350;
169;81;166;63;151;20;351;
169;81;166;63;151;20;352;
169;81;166;63;151;20;353;
169;80;166;63;151;20;354;
169;80;166;63;151;20;355;
169;80;166;63;151;20;356;
169;80;166;63;151;20;357;
169;80;166;63;151;20;358;
169;80;166;63;151;20;359;
169;79;166;63;151;20;360;
169;79;166;63;151;20;361;
169;79;166;63;151;20;362;
169;79;166;63;151;20;363;
169;79;166;63;151;20;364;
169;78;166;63;151;20;365;
169;78;166;63;151;20;366;
169;78;166;63;151;20;367;
169;78;166;63;151;20;368;
169;78;166;63;151;20;369;
169;78;166;63;151;20;370;
169;77;166;63;151;20;371;
169;77;166;63;151;20;372;
169;77;166;63;151;20;373;
169;77;166;63;151;20;374;
169;77;166;63;151;20;375;
169;77;166;63;151;20;376;
169;76;166;63;151;20;377;
169;76;166;63;151;20;378;
169;76;166;63;151;20;379;
169;76;166;63;151;20;380;
169;76;166;63;151;20;381;
169;76;166;63;151;20;382;
169;75;166;63;151;20;383;
169;75;166;63;151;20;384;
169;75;166;63;151;20;385;
169;75;166;63;151;20;386;
169;75;166;63;151;20;387;
169;74;166;63;151;20;388;
169;74;166;63;151;20;389;
169;74;166;63;151;20;390;
169;74;166;63;151;20;391;
169;74;166;63;151;20;392;
169;74;166;63;151;20;393;
169;73;166;63;151;20;394;
169;73;166;63;151;20;395;
169;73;166;63;151;20;396;
169;73;166;63;151;20;397;
169;73;166;63;151;20;398;
169;73;166;63;151;20;399;
169;72;166;63;151;20;400;
169;72;166;63;151;20;401;
169;72;166;63;151;20;402;
169;72;166;63;151;20;403;
169;72;166;63;151;20;404;
169;72;166;63;151;20;405;
169;71;166;63;151;20;406;
169;71;166;63;151;20;407;
169;71;166;63;151;20;408;
169;71;166;63;151;20;409;
169;71;166;63;151;20;410;
169;70;166;63;151;20;411;
169;70;166;63;151;20;412;
169;70;166;63;151;20;413;
169;70;166;63;151;20;414;
169;70;166;63;151;20;415;
169;70;166;63;151;20;416;
169;69;166;63;151;20;417;
169;69;166;63;151;20;418;
169;69;166;63;151;20;419;
169;69;166;63;151;20;420;
169;69;166;63;151;20;421;
169;69;166;63;151;20;422;
169;68;166;63;151;20;423;
169;68;166;63;151;20;424;
169;68;166;63;151;20;425;
169;68;166;63;151;20;426;
169;68;166;63;151;20;427;
169;68;166;63;151;20;428;
169;67;166;63;151;20;429;
169;67;166;63;151;20;430;
169;67;166;63;151;20;431;
169;67;166;63;151;20;432;
169;67;166;63;151;20;433;
169;66;166;63;151;20;434;
169;66;166;63;151;20;435;
169;66;166;63;151;20;436;
169;66;166;63;151;20;437;
169;66;166;63;151;20;438;
169;66;166;63;151;20;439;
169;65;166;63;151;20;440;
169;65;166;63;151;20;441;
169;65;166;63;151;20;442;
169;65;166;63;151;20;443;
169;65;166;63;151;20;444;
169;65;166;63;151;20;445;
169;64;166;63;151;20;446;
169;64;166;63;151;20;447;
169;64;166;63;151;20;448;
169;64;166;63;151;20;449;
169;64;166;63;151;20;450;
169;64;166;63;151;20;451;
169;63;166;63;151;20;452;
169;63;166;63;151;20;453;
169;63;166;63;151;20;454;
169;63;166;63;151;20;455;
169;63;166;63;151;20;456;
169;62;166;63;151;20;457;
169;62;166;63;151;20;458;
169;62;166;63;151;20;459;
169;62;166;63;151;20;460;
169;62;166;63;151;20;461;
169;62;166;63;151;20;462;
169;61;166;63;151;20;463;
169;61;166;63;151;20;464;
169;61;166;63;151;20;465;
169;61;166;63;151;20;466;
169;61;166;63;151;20;467;
169;61;166;63;151;20;468;
169;60;166;63;151;20;469;
169;60;166;63;151;20;470;
169;60;166;63;151;20;471;
169;60;166;63;151;20;472;
169;60;166;63;151;20;473;
169;60;166;63;151;20;474;
169;59;166;63;151;20;475;
169;59;166;63;151;20;476;
169;59;166;63;151;20;477;
169;59;166;63;151;20;478;
169;59;166;63;151;20;479;
169;58;166;63;151;20;480;
169;58;166;63;151;20;481;
169;58;166;63;151;20;482;
169;58;166;63;151;20;483;
169;58;166;63;151;20;484;
169;58;166;63;151;20;485;
169;57;166;63;151;20;486;
169;57;166;63;151;20;487;
169;57;166;63;151;20;488;
169;57;166;63;151;20;489;
169;57;166;63;151;20;490;
169;57;166;63;151;20;491;
169;56;166;63;151;20;492;
169;56;166;63;151;20;493;
169;56;166;63;151;20;494;
169;56;166;63;151;20;495;
169;56;166;63;151;20;496;
169;56;166;63;151;20;497;
169;55;166;63;151;20;498;
169;55;166;63;151;20;499;
169;55;166;63;151;20;500;
51;19;180;180;151;20;1;
51;19;180;180;151;20;2;
51;20;180;179;151;20;3;
51;20;180;179;151;20;4;
51;20;180;179;151;20;5;
51;20;180;179;151;20;6;
51;21;180;178;151;20;7;
51;21;180;178;151;20;8;
51;21;180;178;151;20;9;
51;21;180;178;151;20;10;
51;22;180;177;151;20;11;
51;22;180;177;151;20;12;
51;22;180;177;151;20;13;
51;22;180;177;151;20;14;
51;23;180;176;151;20;15;
51;23;180;176;151;20;16;
51;23;180;176;151;20;17;
51;23;179;176;151;20;18;
51;24;179;176;151;20;19;
51;24;179;175;151;20;20;
51;24;179;175;151;20;21;
51;24;179;175;151;20;22;
51;25;179;175;151;20;23;
51;25;179;174;151;20;24;
51;25;179;174;151;20;25;
51;25;179;174;151;20;26;
51;26;179;174;151;20;27;
51;26;179;173;151;20;28;
51;26;179;173;151;20;29;
51;26;179;173;151;20;30;
51;27;179;173;151;20;31;
51;27;179;173;151;20;32;
51;27;179;172;151;20;33;
51;27;179;172;151;20;34;
51;28;179;172;151;20;35;
51;28;179;172;151;20;36;
51;28;179;171;151;20;37;
51;28;179;171;151;20;38;
51;29;179;171;151;20;39;
51;29;179;171;151;20;40;
51;29;179;170;151;20;41;
51;29;179;170;151;20;42;
51;30;179;170;151;20;43;
51;30;179;170;151;20;44;
51;30;179;169;151;20;45;
51;30;179;169;151;20;46;
51;31;179;169;151;20;47;
51;31;179;169;151;20;48;
51;31;179;169;151;20;49;
51;31;179;168;151;20;50;
51;32;179;168;151;20;51;
51;32;179;168;151;20;52;
51;32;179;168;151;20;53;
51;32;178;167;151;20;54;
51;33;178;167;151;20;55;
51;33;178;167;151;20;56;
51;33;178;167;151;20;57;
51;33;178;166;151;20;58;
51;34;178;166;151;20;59;
51;34;178;166;151;20;60;
51;34;178;166;151;20;61;
51;34;178;165;151;20;62;
51;34;178;165;151;20;63;
51;35;178;165;151;20;64;
51;35;178;165;151;20;65;
51;35;178;165;151;20;66;
51;35;178;164;151;20;67;
51;36;178;164;151;20;68;
51;36;178;164;151;20;69;
51;36;178;164;151;20;70;
51;36;178;163;151;20;71;
51;37;178;163;151;20;72;
51;37;178;163;151;20;73;
51;37;178;163;151;20;74;
51;37;178;162;151;20;75;
51;38;178;162;151;20;76;
51;38;178;162;151;20;77;
51;38;178;162;151;20;78;
51;38;178;162;151;20;79;
51;39;178;161;151;20;80;
51;39;178;161;151;20;81;
51;39;178;161;151;20;82;
51;39;178;161;151;20;83;
51;40;178;160;151;20;84;
51;40;178;160;151;20;85;
51;40;178;160;151;20;86;
51;40;178;160;151;20;87;
51;41;178;159;151;20;88;
51;41;178;159;151;20;89;
51;41;177;159;151;20;90;
51;41;177;159;151;20;91;
51;42;177;158;151;20;92;
51;42;177;158;151;20;93;
51;42;177;158;151;20;94;
51;42;177;158;151;20;95;
51;43;177;158;151;20;96;
51;43;177;157;151;20;97;
51;43;177;157;151;20;98;
51;43;177;157;151;20;99;
51;44;177;157;151;20;100;
51;44;177;156;151;20;101;
51;44;177;156;151;20;102;
51;44;177;156;151;20;103;
51;45;177;156;151;20;104;
51;45;177;155;151;20;105;
51;45;177;155;151;20;106;
51;45;177;155;151;20;107;
51;46;177;155;151;20;108;
51;46;177;154;151;20;109;
51;46;177;154;151;20;110;
51;46;177;154;151;20;111;
51;47;177;154;151;20;112;
51;47;177;154;151;20;113;
51;47;177;153;151;20;114;
51;47;177;153;151;20;115;
51;48;177;153;151;20;116;
51;48;177;153;151;20;117;
51;48;177;152;151;20;118;
51;48;177;152;151;20;119;
51;49;177;152;151;20;120;
51;49;177;152;151;20;121;
51;49;177;151;151;20;122;
51;49;177;151;151;20;123;
51;50;177;151;151;20;124;
51;50;176;151;151;20;125;
51;50;176;151;151;20;126;
51;50;176;150;151;20;127;
51;50;176;150;151;20;128;
51;51;176;150;151;20;129;
51;51;176;150;151;20;130;
51;51;176;149;151;20;131;
51;51;176;149;151;20;132;
51;52;176;149;151;20;133;
51;52;176;149;151;20;134;
51;52;176;148;151;20;135;
51;52;176;148;151;20;136;
51;53;176;148;151;20;137;
51;53;176;148;151;20;138;
51;53;176;147;151;20;139;
51;53;176;147;151;20;140;
51;54;176;147;151;20;141;
51;54;176;147;151;20;142;
51;54;176;147;151;20;143;
51;54;176;146;151;20;144;
51;55;176;146;151;20;145;
51;55;176;146;151;20;146;
51;55;176;146;151;20;147;
51;55;176;145;151;20;148;
51;56;176;145;151;20;149;
51;56;176;145;151;20;150;
51;56;176;145;151;20;151;
51;56;176;144;151;20;152;
51;57;176;144;151;20;153;
51;57;176;144;151;20;154;
51;57;176;144;151;20;155;
51;57;176;143;151;20;156;
51;58;176;143;151;20;157;
51;58;176;143;151;20;158;
51;58;176;143;151;20;159;
51;58;176;143;151;20;160;
51;59;175;142;151;20;161;
51;59;175;142;151;20;162;
51;59;175;142;151;20;163;
51;59;175;142;151;20;164;
51;60;175;141;151;20;165;
51;60;175;141;151;20;166;
51;60;175;141;151;20;167;
51;60;175;141;151;20;168;
51;61;175;140;151;20;169;
51;61;175;140;151;20;170;
51;61;175;140;151;20;171;
51;61;175;140;151;20;172;
51;62;175;140;151;20;173;
51;62;175;139;151;20;174;
51;62;175;139;151;20;175;
51;62;175;139;151;20;176;
51;63;175;139;151;20;177;
51;63;175;138;151;20;178;
51;63;175;138;151;20;179;
51;63;175;138;151;20;180;
51;64;175;138;151;20;181;
51;64;175;137;151;20;182;
51;64;175;137;151;20;183;
51;64;175;137;151;20;184;
51;65;175;137;151;20;185;
51;65;175;136;151;20;186;
51;65;175;136;151;20;187;
51;65;175;136;151;20;188;
51;65;175;136;151;20;189;
51;66;175;136;151;20;190;
51;66;175;135;151;20;191;
51;66;175;135;151;20;192;
51;66;175;135;151;20;193;
51;67;175;135;151;20;194;
51;67;175;134;151;20;195;
51;67;175;134;151;20;196;
51;67;174;134;151;20;197;
51;68;174;134;151;20;198;
51;68;174;133;151;20;199;
51;68;174;133;151;20;200;
51;68;174;133;151;20;201;
51;69;174;133;151;20;202;
51;69;174;132;151;20;203;
51;69;174;132;151;20;204;
51;69;174;132;151;20;205;
51;70;174;132;151;20;206;
51;70;174;132;151;20;207;
51;70;174;131;151;20;208;
51;70;174;131;151;20;209;
51;71;174;131;151;20;210;
51;71;174;131;151;20;211;
51;71;174;130;151;20;212;
51;71;174;130;151;20;213;
51;72;174;130;151;20;214;
51;72;174;130;151;20;215;
51;72;174;129;151;20;216;
51;72;174;129;151;20;217;
51;73;174;129;151;20;218;
51;73;174;129;151;20;219;
51;73;174;129;151;20;220;
51;73;174;128;151;20;221;
51;74;174;128;151;20;222;
51;74;174;128;151;20;223;
51;74;174;128;151;20;224;
51;74;174;127;151;20;225;
51;75;174;127;151;20;226;
51;75;174;127;151;20;227;
51;75;174;127;151;20;228;
51;75;174;126;151;20;229;
51;76;174;126;151;20;230;
51;76;174;126;151;20;231;
51;76;174;126;151;20;232;
51;76;173;125;151;20;233;
51;77;173;125;151;20;234;
51;77;173;125;151;20;235;
51;77;173;125;151;20;236;
51;77;173;125;151;20;237;
51;78;173;124;151;20;238;
51;78;173;124;151;20;239;
51;78;173;124;151;20;240;
51;78;173;124;151;20;241;
51;79;173;123;151;20;242;
51;79;173;123;151;20;243;
51;79;173;123;151;20;244;
51;79;173;123;151;20;245;
51;80;173;122;151;20;246;
51;80;173;122;151;20;247;
51;80;173;122;151;20;248;
51;80;173;122;151;20;249;
51;80;173;122;151;20;250;
51;81;173;121;151;20;251;
51;81;173;121;151;20;252;
51;81;173;121;151;20;253;
51;81;173;121;151;20;254;
51;82;173;120;151;20;255;
51;82;173;120;151;20;256;
51;82;173;120;151;20;257;
51;82;173;120;151;20;258;
51;83;173;119;151;20;259;
51;83;173;119;151;20;260;
51;83;173;119;151;20;261;
51;83;173;119;151;20;262;
51;84;173;118;151;20;263;
51;84;173;118;151;20;264;
51;84;173;118;151;20;265;
51;84;173;118;151;20;266;
51;85;173;118;151;20;267;
51;85;172;117;151;20;268;
51;85;172;117;151;20;269;
51;85;172;117;151;20;270;
51;86;172;117;151;20;271;
51;86;172;116;151;20;272;
51;86;172;116;151;20;273;
51;86;172;116;151;20;274;
51;87;172;116;151;20;275;
51;87;172;115;151;20;276;
51;87;172;115;151;20;277;
51;87;172;115;151;20;278;
51;88;172;115;151;20;279;
51;88;172;114;151;20;280;
51;88;172;114;151;20;281;
51;88;172;114;151;20;282;
51;89;172;114;151;20;283;
51;89;172;114;151;20;284;
51;89;172;113;151;20;285;
51;89;172;113;151;20;286;
51;90;172;113;151;20;287;
51;90;172;113;151;20;288;
51;90;172;112;151;20;289;
51;90;172;112;151;20;290;
51;91;172;112;151;20;291;
51;91;172;112;151;20;292;
51;91;172;111;151;20;293;
51;91;172;111;151;20;294;
51;92;172;111;151;20;295;
51;92;172;111;151;20;296;
51;92;172;111;151;20;297;
51;92;172;110;151;20;298;
51;93;172;110;151;20;299;
51;93;172;110;151;20;300;
51;93;172;110;151;20;301;
51;93;172;109;151;20;302;
51;94;172;109;151;20;303;
51;94;171;109;151;20;304;
51;94;171;109;151;20;305;
51;94;171;108;151;20;306;
51;95;171;108;151;20;307;
51;95;171;108;151;20;308;
51;95;171;108;151;20;309;
51;95;171;107;151;20;310;
51;96;171;107;151;20;311;
51;96;171;107;151;20;312;
51;96;171;107;151;20;313;
51;96;171;107;151;20;314;
51;96;171;106;151;20;315;
51;97;171;106;151;20;316;
51;97;171;106;151;20;317;
51;97;171;106;151;20;318;
51;97;171;105;151;20;319;
51;98;171;105;151;20;320;
51;98;171;105;151;20;321;
51;98;171;105;151;20;322;
51;98;171;104;151;20;323;
51;99;171;104;151;20;324;
51;99;171;104;151;20;325;
51;99;171;104;151;20;326;
51;99;171;103;151;20;327;
51;100;171;103;151;20;328;
51;100;171;103;151;20;329;
51;100;171;103;151;20;330;
51;100;171;103;151;20;331;
51;101;171;102;151;20;332;
51;101;171;102;151;20;333;
51;101;171;102;151;20;334;
51;101;171;102;151;20;335;
51;102;171;101;151;20;336;
51;102;171;101;151;20;337;
51;102;171;101;151;20;338;
51;102;171;101;151;20;339;
51;103;170;100;151;20;340;
51;103;170;100;151;20;341;
51;103;170;100;151;20;342;
51;103;170;100;151;20;343;
51;104;170;100;151;20;344;
51;104;170;99;151;20;345;
51;104;170;99;151;20;346;
51;104;170;99;151;20;347;
51;105;170;99;151;20;348;
51;105;170;98;151;20;349;
51;105;170;98;151;20;350;
51;105;170;98;151;20;351;
51;106;170;98;151;20;352;
51;106;170;97;151;20;353;
51;106;170;97;151;20;354;
51;106;170;97;151;20;355;
51;107;170;97;151;20;356;
51;107;170;96;151;20;357;
51;107;170;96;151;20;358;
51;107;170;96;151;20;359;
51;108;170;96;151;20;360;
51;108;170;96;151;20;361;
51;108;170;95;151;20;362;
51;108;170;95;151;20;363;
51;109;170;95;151;20;364;
51;109;170;95;151;20;365;
51;109;170;94;151;20;366;
51;109;170;94;151;20;367;
51;110;170;94;151;20;368;
51;110;170;94;151;20;369;
51;110;170;93;151;20;370;
51;110;170;93;151;20;371;
51;111;170;93;151;20;372;
51;111;170;93;151;20;373;
51;111;170;92;151;20;374;
51;111;170;92;151;20;375;
51;111;169;92;151;20;376;
51;112;169;92;151;20;377;
51;112;169;92;151;20;378;
51;112;169;91;151;20;379;
51;112;169;91;151;20;380;
51;113;169;91;151;20;381;
51;113;169;91;151;20;382;
51;113;169;90;151;20;383;
51;113;169;90;151;20;384;
51;114;169;90;151;20;385;
51;114;169;90;151;20;386;
51;114;169;89;151;20;387;
51;114;169;89;151;20;388;
51;115;169;89;151;20;389;
51;115;169;89;151;20;390;
51;115;169;89;151;20;391;
51;115;169;88;151;20;392;
51;116;169;88;151;20;393;
51;116;169;88;151;20;394;
51;116;169;88;151;20;395;
51;116;169;87;151;20;396;
51;117;169;87;151;20;397;
51;117;169;87;151;20;398;
51;117;169;87;151;20;399;
51;117;169;86;151;20;400;
51;118;169;86;151;20;401;
51;118;169;86;151;20;402;
51;118;169;86;151;20;403;
51;118;169;85;151;20;404;
51;119;169;85;151;20;405;
51;119;169;85;151;20;406;
51;119;169;85;151;20;407;
51;119;169;85;151;20;408;
51;120;169;84;151;20;409;
51;120;169;84;151;20;410;
51;120;168;84;151;20;411;
51;120;168;84;151;20;412;
51;121;168;83;151;20;413;
51;121;168;83;151;20;414;
51;121;168;83;151;20;415;
51;121;168;83;151;20;416;
51;122;168;82;151;20;417;
51;122;168;82;151;20;418;
51;122;168;82;151;20;419;
51;122;168;82;151;20;420;
51;123;168;81;151;20;421;
51;123;168;81;151;20;422;
51;123;168;81;151;20;423;
51;123;168;81;151;20;424;
51;124;168;81;151;20;425;
51;124;168;80;151;20;426;
51;124;168;80;151;20;427;
51;124;168;80;151;20;428;
51;125;168;80;151;20;429;
51;125;168;79;151;20;430;
51;125;168;79;151;20;431;
51;125;168;79;151;20;432;
51;126;168;79;151;20;433;
51;126;168;78;151;20;434;
51;126;168;78;151;20;435;
51;126;168;78;151;20;436;
51;127;168;78;151;20;437;
51;127;168;78;151;20;438;
51;127;168;77;151;20;439;
51;127;168;77;151;20;440;
51;127;168;77;151;20;441;
51;128;168;77;151;20;442;
51;128;168;76;151;20;443;
51;128;168;76;151;20;444;
51;128;168;76;151;20;445;
51;129;168;76;151;20;446;
51;129;167;75;151;20;447;
51;129;167;75;151;20;448;
51;129;167;75;151;20;449;
51;130;167;75;151;20;450;
51;130;167;74;151;20;451;
51;130;167;74;151;20;452;
51;130;167;74;151;20;453;
51;131;167;74;151;20;454;
51;131;167;74;151;20;455;
51;131;167;73;151;20;456;
51;131;167;73;151;20;457;
51;132;167;73;151;20;458;
51;132;167;73;151;20;459;
51;132;167;72;151;20;460;
51;132;167;72;151;20;461;
51;133;167;72;151;20;462;
51;133;167;72;151;20;463;
51;133;167;71;151;20;464;
51;133;167;71;151;20;465;
51;134;167;71;151;20;466;
51;134;167;71;151;20;467;
51;134;167;70;151;20;468;
51;134;167;70;151;20;469;
51;135;167;70;151;20;470;
51;135;167;70;151;20;471;
51;135;167;70;151;20;472;
51;135;167;69;151;20;473;
51;136;167;69;151;20;474;
51;136;167;69;151;20;475;
51;136;167;69;151;20;476;
51;136;167;68;151;20;477;
51;137;167;68;151;20;478;
51;137;167;68;151;20;479;
51;137;167;68;151;20;480;
51;137;167;67;151;20;481;
51;138;167;67;151;20;482;
51;138;166;67;151;20;483;
51;138;166;67;151;20;484;
51;138;166;67;151;20;485;
51;139;166;66;151;20;486;
51;139;166;66;151;20;487;
51;139;166;66;151;20;488;
51;139;166;66;151;20;489;
51;140;166;65;151;20;490;
51;140;166;65;151;20;491;
51;140;166;65;151;20;492;
51;140;166;65;151;20;493;
51;141;166;64;151;20;494;
51;141;166;64;151;20;495;
51;141;166;64;151;20;496;
51;141;166;64;151;20;497;
51;142;166;63;151;20;498;
51;142;166;63;151;20;499;
51;142;166;63;151;20;500;
51;142;166;63;151;20;1;
51;142;166;63;151;20;2;
52;142;166;63;151;20;3;
52;142;166;63;151;20;4;
52;142;166;63;151;20;5;
52;142;166;63;151;20;6;
53;142;166;63;151;20;7;
53;142;166;63;151;20;8;
53;142;166;63;151;20;9;
53;142;166;63;151;20;10;
54;142;166;63;151;20;11;
54;142;166;63;151;20;12;
54;142;166;63;151;20;13;
54;142;166;63;151;20;14;
55;142;166;63;151;20;15;
55;142;166;63;151;20;16;
55;142;166;63;151;20;17;
55;142;166;63;151;20;18;
55;142;166;63;151;20;19;
56;142;166;63;151;20;20;
56;142;166;63;151;20;21;
56;142;166;63;151;20;22;
56;142;166;63;151;20;23;
57;142;166;63;151;20;24;
57;142;166;63;151;20;25;
57;142;166;63;151;20;26;
57;142;166;63;151;20;27;
58;142;166;63;151;20;28;
58;142;166;63;151;20;29;
58;142;166;63;151;20;30;
58;142;166;63;151;20;31;
59;142;166;63;151;20;32;
59;142;166;63;151;20;33;
59;142;166;63;151;20;34;
59;142;166;63;151;20;35;
59;142;166;63;151;20;36;
60;142;166;63;151;20;37;
60;142;166;63;151;20;38;
60;142;166;63;151;20;39;
60;142;166;63;151;20;40;
61;142;166;63;151;20;41;
61;142;166;63;151;20;42;
61;142;166;63;151;20;43;
61;142;166;63;151;20;44;
62;142;166;63;151;20;45;
62;142;166;63;151;20;46;
62;142;166;63;151;20;47;
62;142;166;63;151;20;48;
63;142;166;63;151;20;49;
63;142;166;63;151;20;50;
63;142;166;63;151;20;51;
63;142;166;63;151;20;52;
64;142;166;63;151;20;53;
64;142;166;63;151;20;54;
64;142;166;63;151;20;55;
64;142;166;63;151;20;56;
64;142;166;63;151;20;57;
65;142;166;63;151;20;58;
65;142;166;63;151;20;59;
65;142;166;63;151;20;60;
65;142;166;63;151;20;61;
66;142;166;63;151;20;62;
66;142;166;63;151;20;63;
66;142;166;63;151;20;64;
66;142;166;63;151;20;65;
67;142;166;63;151;20;66;
67;142;166;63;151;20;67;
67;142;166;63;151;20;68;
67;142;166;63;151;20;69;
68;142;166;63;151;20;70;
68;142;166;63;151;20;71;
68;142;166;63;151;20;72;
68;142;166;63;151;20;73;
68;142;166;63;151;20;74;
69;142;166;63;151;20;75;
69;142;166;63;151;20;76;
69;142;166;63;151;20;77;
69;142;166;63;151;20;78;
70;142;166;63;151;20;79;
70;142;166;63;151;20;80;
70;142;166;63;151;20;81;
70;142;166;63;151;20;82;
71;142;166;63;151;20;83;
71;142;166;63;151;20;84;
71;142;166;63;151;20;85;
71;142;166;63;151;20;86;
72;142;166;63;151;20;87;
72;142;166;63;151;20;88;
72;142;166;63;151;20;89;
72;142;166;63;151;20;90;
72;142;166;63;151;20;91;
73;142;166;63;151;20;92;
73;142;166;63;151;20;93;
73;142;166;63;151;20;94;
73;142;166;63;151;20;95;
74;142;166;63;151;20;96;
74;142;166;63;151;20;97;
74;142;166;63;151;20;98;
74;142;166;63;151;20;99;
75;142;166;63;151;20;100;
75;142;166;63;151;20;101;
75;142;166;63;151;20;102;
75;142;166;63;151;20;103;
76;142;166;63;151;20;104;
76;142;166;63;151;20;105;
76;142;166;63;151;20;106;
76;142;166;63;151;20;107;
76;142;166;63;151;20;108;
77;142;166;63;151;20;109;
77;142;166;63;151;20;110;
77;142;166;63;151;20;111;
77;142;166;63;151;20;112;
78;142;166;63;151;20;113;
78;142;166;63;151;20;114;
78;142;166;63;151;20;115;
78;142;166;63;151;20;116;
79;142;166;63;151;20;117;
79;142;166;63;151;20;118;
79;142;166;63;151;20;119;
79;142;166;63;151;20;120;
80;142;166;63;151;20;121;
80;142;166;63;151;20;122;
80;142;166;63;151;20;123;
80;142;166;63;151;20;124;
80;142;166;63;151;20;125;
81;142;166;63;151;20;126;
81;142;166;63;151;20;127;
81;142;166;63;151;20;128;
81;142;166;63;151;20;129;
82;142;166;63;151;20;130;
82;142;166;63;151;20;131;
82;142;166;63;151;20;132;
82;142;166;63;151;20;133;
83;142;166;63;151;20;134;
83;142;166;63;151;20;135;
83;142;166;63;151;20;136;
83;142;166;63;151;20;137;
84;142;166;63;151;20;138;
84;142;166;63;151;20;139;
84;142;166;63;151;20;140;
84;142;166;63;151;20;141;
85;142;166;63;151;20;142;
85;142;166;63;151;20;143;
85;142;166;63;151;20;144;
85;142;166;63;151;20;145;
85;142;166;63;151;20;146;
86;142;166;63;151;20;147;
86;142;166;63;151;20;148;
86;142;166;63;151;20;149;
86;142;166;63;151;20;150;
87;142;166;63;151;20;151;
87;142;166;63;151;20;152;
87;142;166;63;151;20;153;
87;142;166;63;151;20;154;
88;142;166;63;151;20;155;
88;142;166;63;151;20;156;
88;142;166;63;151;20;157;
88;142;166;63;151;20;158;
89;142;166;63;151;20;159;
89;142;166;63;151;20;160;
89;142;166;63;151;20;161;
89;142;166;63;151;20;162;
89;142;166;63;151;20;163;
90;142;166;63;151;20;164;
90;142;166;63;151;20;165;
90;142;166;63;151;20;166;
90;142;166;63;151;20;167;
91;142;166;63;151;20;168;
91;142;166;63;151;20;169;
91;142;166;63;151;20;170;
91;142;166;63;151;20;171;
92;142;166;63;151;20;172;
92;142;166;63;151;20;173;
92;142;166;63;151;20;174;
92;142;166;63;151;20;175;
93;142;166;63;151;20;176;
93;142;166;63;151;20;177;
93;142;166;63;151;20;178;
93;142;166;63;151;20;179;
93;142;166;63;151;20;180;
94;142;166;63;151;20;181;
94;142;166;63;151;20;182;
94;142;166;63;151;20;183;
94;142;166;63;151;20;184;
95;142;166;63;151;20;185;
95;142;166;63;151;20;186;
95;142;166;63;151;20;187;
95;142;166;63;151;20;188;
96;142;166;63;151;20;189;
96;142;166;63;151;20;190;
96;142;166;63;151;20;191;
96;142;166;63;151;20;192;
97;142;166;63;151;20;193;
97;142;166;63;151;20;194;
97;142;166;63;151;20;195;
97;142;166;63;151;20;196;
97;142;166;63;151;20;197;
98;142;166;63;151;20;198;
98;142;166;63;151;20;199;
98;142;166;63;151;20;200;
98;142;166;63;151;20;201;
99;142;166;63;151;20;202;
99;142;166;63;151;20;203;
99;142;166;63;151;20;204;
99;142;166;63;151;20;205;
100;142;166;63;151;20;206;
100;142;166;63;151;20;207;
100;142;166;63;151;20;208;
100;142;166;63;151;20;209;
101;142;166;63;151;20;210;
101;142;166;63;151;20;211;
101;142;166;63;151;20;212;
101;142;166;63;151;20;213;
102;142;166;63;151;20;214;
102;142;166;63;151;20;215;
102;142;166;63;151;20;216;
102;142;166;63;151;20;217;
102;142;166;63;151;20;218;
103;142;166;63;151;20;219;
103;142;166;63;151;20;220;
103;142;166;63;151;20;221;
103;142;166;63;151;20;222;
104;142;166;63;151;20;223;
104;142;166;63;151;20;224;
104;142;166;63;151;20;225;
104;142;166;63;151;20;226;
105;142;166;63;151;20;227;
105;142;166;63;151;20;228;
105;142;166;63;151;20;229;
105;142;166;63;151;20;230;
106;142;166;63;151;20;231;
106;142;166;63;151;20;232;
106;142;166;63;151;20;233;
106;142;166;63;151;20;234;
106;142;166;63;151;20;235;
107;142;166;63;151;20;236;
107;142;166;63;151;20;237;
107;142;166;63;151;20;238;
107;142;166;63;151;20;239;
108;142;166;63;151;20;240;
108;142;166;63;151;20;241;
108;142;166;63;151;20;242;
108;142;166;63;151;20;243;
109;142;166;63;151;20;244;
109;142;166;63;151;20;245;
109;142;166;63;151;20;246;
109;142;166;63;151;20;247;
110;142;166;63;151;20;248;
110;142;166;63;151;20;249;
110;142;166;63;151;20;250;
110;142;166;63;151;20;251;
110;142;166;63;151;20;252;
111;142;166;63;151;20;253;
111;142;166;63;151;20;254;
111;142;166;63;151;20;255;
111;142;166;63;151;20;256;
112;142;166;63;151;20;257;
112;142;166;63;151;20;258;
112;142;166;63;151;20;259;
112;142;166;63;151;20;260;
113;142;166;63;151;20;261;
113;142;166;63;151;20;262;
113;142;166;63;151;20;263;
113;142;166;63;151;20;264;
114;142;166;63;151;20;265;
114;142;166;63;151;20;266;
114;142;166;63;151;20;267;
114;142;166;63;151;20;268;
114;142;166;63;151;20;269;
115;142;166;63;151;20;270;
115;142;166;63;151;20;271;
115;142;166;63;151;20;272;
115;142;166;63;151;20;273;
116;142;166;63;151;20;274;
116;142;166;63;151;20;275;
116;142;166;63;151;20;276;
116;142;166;63;151;20;277;
117;142;166;63;151;20;278;
117;142;166;63;151;20;279;
117;142;166;63;151;20;280;
117;142;166;63;151;20;281;
118;142;166;63;151;20;282;
118;142;166;63;151;20;283;
118;142;166;63;151;20;284;
118;142;166;63;151;20;285;
118;142;166;63;151;20;286;
119;142;166;63;151;20;287;
119;142;166;63;151;20;288;
119;142;166;63;151;20;289;
119;142;166;63;151;20;290;
120;142;166;63;151;20;291;
120;142;166;63;151;20;292;
120;142;166;63;151;20;293;
120;142;166;63;151;20;294;
121;142;166;63;151;20;295;
121;142;166;63;151;20;296;
121;142;166;63;151;20;297;
121;142;166;63;151;20;298;
122;142;166;63;151;20;299;
122;142;166;63;151;20;300;
122;142;166;63;151;20;301;
122;142;166;63;151;20;302;
123;142;166;63;151;20;303;
123;142;166;63;151;20;304;
123;142;166;63;151;20;305;
123;142;166;63;151;20;306;
123;142;166;63;151;20;307;
124;142;166;63;151;20;308;
124;142;166;63;151;20;309;
124;142;166;63;151;20;310;
124;142;166;63;151;20;311;
125;142;166;63;151;20;312;
125;142;166;63;151;20;313;
125;142;166;63;151;20;314;
125;142;166;63;151;20;315;
126;142;166;63;151;20;316;
126;142;166;63;151;20;317;
126;142;166;63;151;20;318;
126;142;166;63;151;20;319;
127;142;166;63;151;20;320;
127;142;166;63;151;20;321;
127;142;166;63;151;20;322;
127;142;166;63;151;20;323;
127;142;166;63;151;20;324;
128;142;166;63;151;20;325;
128;142;166;63;151;20;326;
128;142;166;63;151;20;327;
128;142;166;63;151;20;328;
129;142;166;63;151;20;329;
129;142;166;63;151;20;330;
129;142;166;63;151;20;331;
129;142;166;63;151;20;332;
130;142;166;63;151;20;333;
130;142;166;63;151;20;334;
130;142;166;63;151;20;335;
130;142;166;63;151;20;336;
131;142;166;63;151;20;337;
131;142;166;63;151;20;338;
131;142;166;63;151;20;339;
131;142;166;63;151;20;340;
131;142;166;63;151;20;341;
132;142;166;63;151;20;342;
132;142;166;63;151;20;343;
132;142;166;63;151;20;344;
132;142;166;63;151;20;345;
133;142;166;63;151;20;346;
133;142;166;63;151;20;347;
133;142;166;63;151;20;348;
133;142;166;63;151;20;349;
134;142;166;63;151;20;350;
134;142;166;63;151;20;351;
134;142;166;63;151;20;352;
134;142;166;63;151;20;353;
135;142;166;63;151;20;354;
135;142;166;63;151;20;355;
135;142;166;63;151;20;356;
135;142;166;63;151;20;357;
135;142;166;63;151;20;358;
136;142;166;63;151;20;359;
136;142;166;63;151;20;360;
136;142;166;63;151;20;361;
136;142;166;63;151;20;362;
137;142;166;63;151;20;363;
137;142;166;63;151;20;364;
137;142;166;63;151;20;365;
137;142;166;63;151;20;366;
138;142;166;63;151;20;367;
138;142;166;63;151;20;368;
138;142;166;63;151;20;369;
138;142;166;63;151;20;370;
139;142;166;63;151;20;371;
139;142;166;63;151;20;372;
139;142;166;63;151;20;373;
139;142;166;63;151;20;374;
140;142;166;63;151;20;375;
140;142;166;63;151;20;376;
140;142;166;63;151;20;377;
140;142;166;63;151;20;378;
140;142;166;63;151;20;379;
141;142;166;63;151;20;380;
141;142;166;63;151;20;381;
141;142;166;63;151;20;382;
141;142;166;63;151;20;383;
142;142;166;63;151;20;384;
142;142;166;63;151;20;385;
142;142;166;63;151;20;386;
142;142;166;63;151;20;387;
143;142;166;63;151;20;388;
143;142;166;63;151;20;389;
143;142;166;63;151;20;390;
143;142;166;63;151;20;391;
144;142;166;63;151;20;392;
144;142;166;63;151;20;393;
144;142;166;63;151;20;394;
144;142;166;63;151;20;395;
144;142;166;63;151;20;396;
145;142;166;63;151;20;397;
145;142;166;63;151;20;398;
145;142;166;63;151;20;399;
145;142;166;63;151;20;400;
146;142;166;63;151;20;401;
146;142;166;63;151;20;402;
146;142;166;63;151;20;403;
146;142;166;63;151;20;404;
147;142;166;63;151;20;405;
147;142;166;63;151;20;406;
147;142;166;63;151;20;407;
147;142;166;63;151;20;408;
148;142;166;63;151;20;409;
148;142;166;63;151;20;410;
148;142;166;63;151;20;411;
148;142;166;63;151;20;412;
148;142;166;63;151;20;413;
149;142;166;63;151;20;414;
149;142;166;63;151;20;415;
149;142;166;63;151;20;416;
149;142;166;63;151;20;417;
150;142;166;63;151;20;418;
150;142;166;63;151;20;419;
150;142;166;63;151;20;420;
150;142;166;63;151;20;421;
151;142;166;63;151;20;422;
151;142;166;63;151;20;423;
151;142;166;63;151;20;424;
151;142;166;63;151;20;425;
152;142;166;63;151;20;426;
152;142;166;63;151;20;427;
152;142;166;63;151;20;428;
152;142;166;63;151;20;429;
152;142;166;63;151;20;430;
153;142;166;63;151;20;431;
153;142;166;63;151;20;432;
153;142;166;63;151;20;433;
153;142;166;63;151;20;434;
154;142;166;63;151;20;435;
154;142;166;63;151;20;436;
154;142;166;63;151;20;437;
154;142;166;63;151;20;438;
155;142;166;63;151;20;439;
155;142;166;63;151;20;440;
155;142;166;63;151;20;441;
155;142;166;63;151;20;442;
156;142;166;63;151;20;443;
156;142;166;63;151;20;444;
156;142;166;63;151;20;445;
156;142;166;63;151;20;446;
156;142;166;63;151;20;447;
157;142;166;63;151;20;448;
157;142;166;63;151;20;449;
157;142;166;63;151;20;450;
157;142;166;63;151;20;451;
158;142;166;63;151;20;452;
158;142;166;63;151;20;453;
158;142;166;63;151;20;454;
158;142;166;63;151;20;455;
159;142;166;63;151;20;456;
159;142;166;63;151;20;457;
159;142;166;63;151;20;458;
159;142;166;63;151;20;459;
160;142;166;63;151;20;460;
160;142;166;63;151;20;461;
160;142;166;63;151;20;462;
160;142;166;63;151;20;463;
161;142;166;63;151;20;464;
161;142;166;63;151;20;465;
161;142;166;63;151;20;466;
161;142;166;63;151;20;467;
161;142;166;63;151;20;468;
162;142;166;63;151;20;469;
162;142;166;63;151;20;470;
162;142;166;63;151;20;471;
162;142;166;63;151;20;472;
163;142;166;63;151;20;473;
163;142;166;63;151;20;474;
163;142;166;63;151;20;475;
163;142;166;63;151;20;476;
164;142;166;63;151;20;477;
164;142;166;63;151;20;478;
164;142;166;63;151;20;479;
164;142;166;63;151;20;480;
165;142;166;63;151;20;481;
165;142;166;63;151;20;482;
165;142;166;63;151;20;483;
165;142;166;63;151;20;484;
165;142;166;63;151;20;485;
166;142;166;63;151;20;486;
166;142;166;63;151;20;487;
166;142;166;63;151;20;488;
166;142;166;63;151;20;489;
167;142;166;63;151;20;490;
167;142;166;63;151;20;491;
167;142;166;63;151;20;492;
167;142;166;63;151;20;493;
168;142;166;63;151;20;494;
168;142;166;63;151;20;495;
168;142;166;63;151;20;496;
168;142;166;63;151;20;497;
169;142;166;63;151;20;498;
169;142;166;63;151;20;499;
169;142;166;63;151;20;500;
169;142;166;63;151;20;1;
169;142;166;63;151;20;2;
169;141;166;63;151;20;3;
169;141;166;63;151;20;4;
169;141;166;63;151;20;5;
169;141;166;63;151;20;6;
169;141;166;63;151;20;7;
169;141;166;63;151;20;8;
169;140;166;63;151;20;9;
169;140;166;63;151;20;10;
169;140;166;63;151;20;11;
169;140;166;63;151;20;12;
169;140;166;63;151;20;13;
169;140;166;63;151;20;14;
169;139;166;63;151;20;15;
169;139;166;63;151;20;16;
169;139;166;63;151;20;17;
169;139;166;63;151;20;18;
169;139;166;63;151;20;19;
169;139;166;63;151;20;20;
169;138;166;63;151;20;21;
169;138;166;63;151;20;22;
169;138;166;63;151;20;23;
169;138;166;63;151;20;24;
169;138;166;63;151;20;25;
169;137;166;63;151;20;26;
169;137;166;63;151;20;27;
169;137;166;63;151;20;28;
169;137;166;63;151;20;29;
169;137;166;63;151;20;30;
169;137;166;63;151;20;31;
169;136;166;63;151;20;32;
169;136;166;63;151;20;33;
169;136;166;63;151;20;34;
169;136;166;63;151;20;35;
169;136;166;63;151;20;36;
169;136;166;63;151;20;37;
169;135;166;63;151;20;38;
169;135;166;63;151;20;39;
169;135;166;63;151;20;40;
169;135;166;63;151;20;41;
169;135;166;63;151;20;42;
169;135;166;63;151;20;43;
169;134;166;63;151;20;44;
169;134;166;63;151;20;45;
169;134;166;63;151;20;46;
169;134;166;63;151;20;47;
169;134;166;63;151;20;48;
169;133;166;63;151;20;49;
169;133;166;63;151;20;50;
169;133;166;63;151;20;51;
169;133;166;63;151;20;52;
169;133;166;63;151;20;53;
169;133;166;63;151;20;54;
169;132;166;63;151;20;55;
169;132;166;63;151;20;56;
169;132;166;63;151;20;57;
169;132;166;63;151;20;58;
169;132;166;63;151;20;59;
169;132;166;63;151;20;60;
169;131;166;63;151;20;61;
169;131;166;63;151;20;62;
169;131;166;63;151;20;63;
169;131;166;63;151;20;64;
169;131;166;63;151;20;65;
169;131;166;63;151;20;66;
169;130;166;63;151;20;67;
169;130;166;63;151;20;68;
169;130;166;63;151;20;69;
169;130;166;63;151;20;70;
169;130;166;63;151;20;71;
169;129;166;63;151;20;72;
169;129;166;63;151;20;73;
169;129;166;63;151;20;74;
169;129;166;63;151;20;75;
169;129;166;63;151;20;76;
169;129;166;63;151;20;77;
169;128;166;63;151;20;78;
169;128;166;63;151;20;79;
169;128;166;63;151;20;80;
169;128;166;63;151;20;81;
169;128;166;63;151;20;82;
169;128;166;63;151;20;83;
169;127;166;63;151;20;84;
169;127;166;63;151;20;85;
169;127;166;63;151;20;86;
169;127;166;63;151;20;87;
169;127;166;63;151;20;88;
169;127;166;63;151;20;89;
169;126;166;63;151;20;90;
169;126;166;63;151;20;91;
169;126;166;63;151;20;92;
169;126;166;63;151;20;93;
169;126;166;63;151;20;94;
169;125;166;63;151;20;95;
169;125;166;63;151;20;96;
169;125;166;63;151;20;97;
169;125;166;63;151;20;98;
169;125;166;63;151;20;99;
169;125;166;63;151;20;100;
169;124;166;63;151;20;101;
169;124;166;63;151;20;102;
169;124;166;63;151;20;103;
169;124;166;63;151;20;104;
169;124;166;63;151;20;105;
169;124;166;63;151;20;106;
169;123;166;63;151;20;107;
169;123;166;63;151;20;108;
169;123;166;63;151;20;109;
169;123;166;63;151;20;110;
169;123;166;63;151;20;111;
169;123;166;63;151;20;112;
169;122;166;63;151;20;113;
169;122;166;63;151;20;114;
169;122;166;63;151;20;115;
169;122;166;63;151;20;116;
169;122;166;63;151;20;117;
169;121;166;63;151;20;118;
169;121;166;63;151;20;119;
169;121;166;63;151;20;120;
169;121;166;63;151;20;121;
169;121;166;63;151;20;122;
169;121;166;63;151;20;123;
169;120;166;63;151;20;124;
169;120;166;63;151;20;125;
169;120;166;63;151;20;126;
169;120;166;63;151;20;127;
169;120;166;63;151;20;128;
169;120;166;63;151;20;129;
169;119;166;63;151;20;130;
169;119;166;63;151;20;131;
169;119;166;63;151;20;132;
169;119;166;63;151;20;133;
169;119;166;63;151;20;134;
169;119;166;63;151;20;135;
169;118;166;63;151;20;136;
169;118;166;63;151;20;137;
169;118;166;63;151;20;138;
169;118;166;63;151;20;139;
169;118;166;63;151;20;140;
169;117;166;63;151;20;141;
169;117;166;63;151;20;142;
169;117;166;63;151;20;143;
169;117;166;63;151;20;144;
169;117;166;63;151;20;145;
169;117;166;63;151;20;146;
169;116;166;63;151;20;147;
169;116;166;63;151;20;148;
169;116;166;63;151;20;149;
169;116;166;63;151;20;150;
169;116;166;63;151;20;151;
169;116;166;63;151;20;152;
169;115;166;63;151;20;153;
169;115;166;63;151;20;154;
169;115;166;63;151;20;155;
169;115;166;63;151;20;156;
169;115;166;63;151;20;157;
169;115;166;63;151;20;158;
169;114;166;63;151;20;159;
169;114;166;63;151;20;160;
169;114;166;63;151;20;161;
169;114;166;63;151;20;162;
169;114;166;63;151;20;163;
169;113;166;63;151;20;164;
169;113;166;63;151;20;165;
169;113;166;63;151;20;166;
169;113;166;63;151;20;167;
169;113;166;63;151;20;168;
169;113;166;63;151;20;169;
169;112;166;63;151;20;170;
169;112;166;63;151;20;171;
169;112;166;63;151;20;172;
169;112;166;63;151;20;173;
169;112;166;63;151;20;174;
169;112;166;63;151;20;175;
169;111;166;63;151;20;176;
169;111;166;63;151;20;177;
169;111;166;63;151;20;178;
169;111;166;63;151;20;179;
169;111;166;63;151;20;180;
169;111;166;63;151;20;181;
169;110;166;63;151;20;182;
169;110;166;63;151;20;183;
169;110;166;63;151;20;184;
169;110;166;63;151;20;185;
169;110;166;63;151;20;186;
169;109;166;63;151;20;187;
169;109;166;63;151;20;188;
169;109;166;63;151;20;189;
169;109;166;63;151;20;190;
169;109;166;63;151;20;191;
169;109;166;63;151;20;192;
169;108;166;63;151;20;193;
169;108;166;63;151;20;194;
169;108;166;63;151;20;195;
169;108;166;63;151;20;196;
169;108;166;63;151;20;197;
169;108;166;63;151;20;198;
169;107;166;63;151;20;199;
169;107;166;63;151;20;200;
169;107;166;63;151;20;201;
169;107;166;63;151;20;202;
169;107;166;63;151;20;203;
169;107;166;63;151;20;204;
169;106;166;63;151;20;205;
169;106;166;63;151;20;206;
169;106;166;63;151;20;207;
169;106;166;63;151;20;208;
169;106;166;63;151;20;209;
169;105;166;63;151;20;210;
169;105;166;63;151;20;211;
169;105;166;63;151;20;212;
169;105;166;63;151;20;213;
169;105;166;63;151;20;214;
169;105;166;63;151;20;215;
169;104;166;63;151;20;216;
169;104;166;63;151;20;217;
169;104;166;63;151;20;218;
169;104;166;63;151;20;219;
169;104;166;63;151;20;220;
169;104;166;63;151;20;221;
169;103;166;63;151;20;222;
169;103;166;63;151;20;223;
169;103;166;63;151;20;224;
169;103;166;63;151;20;225;
169;103;166;63;151;20;226;
169;103;166;63;151;20;227;
169;102;166;63;151;20;228;
169;102;166;63;151;20;229;
169;102;166;63;151;20;230;
169;102;166;63;151;20;231;
169;102;166;63;151;20;232;
169;101;166;63;151;20;233;
169;101;166;63;151;20;234;
169;101;166;63;151;20;235;
169;101;166;63;151;20;236;
169;101;166;63;151;20;237;
169;101;166;63;151;20;238;
169;100;166;63;151;20;239;
169;100;166;63;151;20;240;
169;100;166;63;151;20;241;
169;100;166;63;151;20;242;
169;100;166;63;151;20;243;
169;100;166;63;151;20;244;
169;99;166;63;151;20;245;
169;99;166;63;151;20;246;
169;99;166;63;151;20;247;
169;99;166;63;151;20;248;
169;99;166;63;151;20;249;
169;98;166;63;151;20;250;
169;98;166;63;151;20;251;
169;98;166;63;151;20;252;
169;98;166;63;151;20;253;
169;98;166;63;151;20;254;
169;98;166;63;151;20;255;
169;97;166;63;151;20;256;
169;97;166;63;151;20;257;
169;97;166;63;151;20;258;
169;97;166;63;151;20;259;
169;97;166;63;151;20;260;
169;97;166;63;151;20;261;
169;96;166;63;151;20;262;
169;96;166;63;151;20;263;
169;96;166;63;151;20;264;
169;96;166;63;151;20;265;
169;96;166;63;151;20;266;
169;96;166;63;151;20;267;
169;95;166;63;151;20;268;
169;95;166;63;151;20;269;
169;95;166;63;151;20;270;
169;95;166;63;151;20;271;
169;95;166;63;151;20;272;
169;94;166;63;151;20;273;
169;94;166;63;151;20;274;
169;94;166;63;151;20;275;
169;94;166;63;151;20;276;
169;94;166;63;151;20;277;
169;94;166;63;151;20;278;
169;93;166;63;151;20;279;
169;93;166;63;151;20;280;
169;93;166;63;151;20;281;
169;93;166;63;151;20;282;
169;93;166;63;151;20;283;
169;93;166;63;151;20;284;
169;92;166;63;151;20;285;
169;92;166;63;151;20;286;
169;92;166;63;151;20;287;
169;92;166;63;151;20;288;
169;92;166;63;151;20;289;
169;92;166;63;151;20;290;
169;91;166;63;151;20;291;
169;91;166;63;151;20;292;
169;91;166;63;151;20;293;
169;91;166;63;151;20;294;
169;91;166;63;151;20;295;
169;90;166;63;151;20;296;
169;90;166;63;151;20;297;
169;90;166;63;151;20;298;
169;90;166;63;151;20;299;
169;90;166;63;151;20;300;
169;90;166;63;151;20;301;
169;89;166;63;151;20;302;
169;89;166;63;151;20;303;
169;89;166;63;151;20;304;
169;89;166;63;151;20;305;
169;89;166;63;151;20;306;
169;89;166;63;151;20;307;
169;88;166;63;151;20;308;
169;88;166;63;151;20;309;
169;88;166;63;151;20;310;
169;88;166;63;151;20;311;
169;88;166;63;151;20;312;
169;88;166;63;151;20;313;
169;87;166;63;151;20;314;
169;87;166;63;151;20;315;
169;87;166;63;151;20;316;
169;87;166;63;151;20;317;
169;87;166;63;151;20;318;
169;86;166;63;151;20;319;
169;86;166;63;151;20;320;
169;86;166;63;151;20;321;
169;86;166;63;151;20;322;
169;86;166;63;151;20;323;
169;86;166;63;151;20;324;
169;85;166;63;151;20;325;
169;85;166;63;151;20;326;
169;85;166;63;151;20;327;
169;85;166;63;151;20;328;
169;85;166;63;151;20;329;
169;85;166;63;151;20;330;
169;84;166;63;151;20;331;
169;84;166;63;151;20;332;
169;84;166;63;151;20;333;
169;84;166;63;151;20;334;
169;84;166;63;151;20;335;
169;84;166;63;151;20;336;
169;83;166;63;151;20;337;
169;83;166;63;151;20;338;
169;83;166;63;151;20;339;
169;83;166;63;151;20;340;
169;83;166;63;151;20;341;
169;82;166;63;151;20;342;
169;82;166;63;151;20;343;
169;82;166;63;151;20;344;
169;82;166;63;151;20;345;
169;82;166;63;151;20;346;
169;82;166;63;151;20;347;
169;81;166;63;151;20;348;
169;81;166;63;151;20;349;
169;81;166;63;151;20;350;
169;81;166;63;151;20;351;
169;81;166;63;151;20;352;
169;81;166;63;151;20;353;
169;80;166;63;151;20;354;
169;80;166;63;151;20;355;
169;80;166;63;151;20;356;
169;80;166;63;151;20;357;
169;80;166;63;151;20;358;
169;80;166;63;151;20;359;
169;79;166;63;151;20;360;
169;79;166;63;151;20;361;
169;79;166;63;151;20;362;
169;79;166;63;151;20;363;
169;79;166;63;151;20;364;
169;78;166;63;151;20;365;
169;78;166;63;151;20;366;
169;78;166;63;151;20;367;
169;78;166;63;151;20;368;
169;78;166;63;151;20;369;
169;78;166;63;151;20;370;
169;77;166;63;151;20;371;
169;77;166;63;151;20;372;
169;77;166;63;151;20;373;
169;77;166;63;151;20;374;
169;77;166;63;151;20;375;
169;77;166;63;151;20;376;
169;76;166;63;151;20;377;
169;76;166;63;151;20;378;
169;76;166;63;151;20;379;
169;76;166;63;151;20;380;
169;76;166;63;151;20;381;
169;76;166;63;151;20;382;
169;75;166;63;151;20;383;
169;75;166;63;151;20;384;
169;75;166;63;151;20;385;
169;75;166;63;151;20;386;
169;75;166;63;151;20;387;
169;74;166;63;151;20;388;
169;74;166;63;151;20;389;
169;74;166;63;151;20;390;
169;74;166;63;151;20;391;
169;74;166;63;151;20;392;
169;74;166;63;151;20;393;
169;73;166;63;151;20;394;
169;73;166;63;151;20;395;
169;73;166;63;151;20;396;
169;73;166;63;151;20;397;
169;73;166;63;151;20;398;
169;73;166;63;151;20;399;
169;72;166;63;151;20;400;
169;72;166;63;151;20;401;
169;72;166;63;151;20;402;
169;72;166;63;151;20;403;
169;72;166;63;151;20;404;
169;72;166;63;151;20;405;
169;71;166;63;151;20;406;
169;71;166;63;151;20;407;
169;71;166;63;151;20;408;
169;71;166;63;151;20;409;
169;71;166;63;151;20;410;
169;70;166;63;151;20;411;
169;70;166;63;151;20;412;
169;70;166;63;151;20;413;
169;70;166;63;151;20;414;
169;70;166;63;151;20;415;
169;70;166;63;151;20;416;
169;69;166;63;151;20;417;
169;69;166;63;151;20;418;
169;69;166;63;151;20;419;
169;69;166;63;151;20;420;
169;69;166;63;151;20;421;
169;69;166;63;151;20;422;
169;68;166;63;151;20;423;
169;68;166;63;151;20;424;
169;68;166;63;151;20;425;
169;68;166;63;151;20;426;
169;68;166;63;151;20;427;
169;68;166;63;151;20;428;
169;67;166;63;151;20;429;
169;67;166;63;151;20;430;
169;67;166;63;151;20;431;
169;67;166;63;151;20;432;
169;67;166;63;151;20;433;
169;66;166;63;151;20;434;
169;66;166;63;151;20;435;
169;66;166;63;151;20;436;
169;66;166;63;151;20;437;
169;66;166;63;151;20;438;
169;66;166;63;151;20;439;
169;65;166;63;151;20;440;
169;65;166;63;151;20;441;
169;65;166;63;151;20;442;
169;65;166;63;151;20;443;
169;65;166;63;151;20;444;
169;65;166;63;151;20;445;
169;64;166;63;151;20;446;
169;64;166;63;151;20;447;
169;64;166;63;151;20;448;
169;64;166;63;151;20;449;
169;64;166;63;151;20;450;
169;64;166;63;151;20;451;
169;63;166;63;151;20;452;
169;63;166;63;151;20;453;
169;63;166;63;151;20;454;
169;63;166;63;151;20;455;
169;63;166;63;151;20;456;
169;62;166;63;151;20;457;
169;62;166;63;151;20;458;
169;62;166;63;151;20;459;
169;62;166;63;151;20;460;
169;62;166;63;151;20;461;
169;62;166;63;151;20;462;
169;61;166;63;151;20;463;
169;61;166;63;151;20;464;
169;61;166;63;151;20;465;
169;61;166;63;151;20;466;
169;61;166;63;151;20;467;
169;61;166;63;151;20;468;
169;60;166;63;151;20;469;
169;60;166;63;151;20;470;
169;60;166;63;151;20;471;
169;60;166;63;151;20;472;
169;60;166;63;151;20;473;
169;60;166;63;151;20;474;
169;59;166;63;151;20;475;
169;59;166;63;151;20;476;
169;59;166;63;151;20;477;
169;59;166;63;151;20;478;
169;59;166;63;151;20;479;
169;58;166;63;151;20;480;
169;58;166;63;151;20;481;
169;58;166;63;151;20;482;
169;58;166;63;151;20;483;
169;58;166;63;151;20;484;
169;58;166;63;151;20;485;
169;57;166;63;151;20;486;
169;57;166;63;151;20;487;
169;57;166;63;151;20;488;
169;57;166;63;151;20;489;
169;57;166;63;151;20;490;
169;57;166;63;151;20;491;
169;56;166;63;151;20;492;
169;56;166;63;151;20;493;
169;56;166;63;151;20;494;
169;56;166;63;151;20;495;
169;56;166;63;151;20;496;
169;56;166;63;151;20;497;
169;55;166;63;151;20;498;
169;55;166;63;151;20;499;
169;55;166;63;151;20;500;
76;143;175;52;151;180;1;
76;142;174;52;151;180;2;
76;141;173;52;151;180;3;
76;139;172;52;151;180;4;
76;138;170;52;151;180;5;
76;137;169;52;151;180;6;
76;136;168;52;151;180;7;
76;135;167;52;151;180;8;
76;134;166;52;151;180;9;
76;132;165;52;151;180;10;
76;131;164;52;151;180;11;
76;130;163;52;151;180;12;
76;129;162;52;151;180;13;
76;128;161;52;151;180;14;
76;127;160;52;151;180;15;
76;126;158;52;151;180;16;
76;124;157;52;151;180;17;
76;123;156;52;151;180;18;
76;122;155;52;151;180;19;
76;121;154;52;151;180;20;
76;120;153;52;151;180;21;
76;119;152;52;151;180;22;
76;118;151;52;151;180;23;
76;116;150;52;151;180;24;
76;115;148;52;151;180;25;
76;114;147;52;151;180;26;
76;113;146;52;151;180;27;
76;112;145;52;151;180;28;
76;111;144;52;151;180;29;
76;110;143;52;151;180;30;
76;108;142;52;151;180;31;
76;107;141;52;151;180;32;
76;106;140;52;151;180;33;
76;105;139;52;151;180;34;
76;104;138;52;151;180;35;
76;103;136;52;151;180;36;
76;101;135;52;151;180;37;
76;100;134;52;151;180;38;
76;99;133;52;151;180;39;
76;98;132;52;151;180;40;
76;97;131;52;151;180;41;
76;96;130;52;151;180;42;
76;95;129;52;151;180;43;
76;93;128;52;151;180;44;
76;92;126;52;151;180;45;
76;91;125;52;151;180;46;
76;90;124;52;151;180;47;
76;89;123;52;151;180;48;
76;88;122;52;151;180;49;
76;86;121;52;151;180;50;
76;85;120;52;151;180;51;
76;84;119;52;151;180;52;
76;83;118;52;151;180;53;
76;82;117;52;151;180;54;
76;81;116;52;151;180;55;
76;80;114;52;151;180;56;
76;78;113;52;151;180;57;
76;77;112;52;151;180;58;
76;76;111;52;151;180;59;
76;75;110;52;151;180;60;
76;74;109;52;151;180;61;
76;73;108;52;151;180;62;
76;72;107;52;151;180;63;
76;70;106;52;151;180;64;
76;69;104;52;151;180;65;
76;68;103;52;151;180;66;
76;67;102;52;151;180;67;
76;66;101;52;151;180;68;
76;65;100;52;151;180;69;
76;64;99;52;151;180;70;
76;62;98;52;151;180;71;
76;61;97;52;151;180;72;
76;60;96;52;151;180;73;
76;59;95;52;151;180;74;
76;58;94;52;151;180;75;
76;57;92;52;151;180;76;
76;55;91;52;151;180;77;
76;54;90;52;151;180;78;
76;53;89;52;151;180;79;
76;52;88;52;151;180;80;
76;51;87;52;151;180;81;
76;50;86;52;151;180;82;
76;49;85;52;151;180;83;
76;47;84;52;151;180;84;
76;46;82;52;151;180;85;
76;45;81;52;151;180;86;
76;44;80;52;151;180;87;
76;43;79;52;151;180;88;
76;42;78;52;151;180;89;
76;40;77;52;151;180;90;
76;39;76;52;151;180;91;
76;38;75;52;151;180;92;
76;37;74;52;151;180;93;
76;36;73;52;151;180;94;
76;35;72;52;151;180;95;
76;34;70;52;151;180;96;
76;32;69;52;151;180;97;
76;31;68;52;151;180;98;
76;30;67;52;151;180;99;
76;29;66;52;151;180;100;
75;29;66;52;151;180;1;
74;29;66;52;151;180;2;
74;29;66;52;151;180;3;
73;29;66;52;151;180;4;
72;29;66;52;151;180;5;
71;29;66;52;151;180;6;
71;29;66;52;151;180;7;
70;29;66;52;151;180;8;
69;29;66;52;151;180;9;
68;29;66;52;151;180;10;
68;29;66;52;151;180;11;
67;29;66;52;151;180;12;
66;29;66;52;151;180;13;
65;29;66;52;151;180;14;
65;29;66;52;151;180;15;
64;29;66;52;151;180;16;
63;29;66;52;151;180;17;
62;29;66;52;151;180;18;
62;29;66;52;151;180;19;
61;29;66;52;151;180;20;
60;29;66;52;151;180;21;
59;29;66;52;151;180;22;
59;29;66;52;151;180;23;
58;29;66;52;151;180;24;
57;29;66;52;151;180;25;
56;29;66;52;151;180;26;
55;29;66;52;151;180;27;
55;29;66;52;151;180;28;
54;29;66;52;151;180;29;
53;29;66;52;151;180;30;
52;29;66;52;151;180;31;
52;29;66;52;151;180;32;
51;29;66;52;151;180;33;
50;29;66;52;151;180;34;
49;29;66;52;151;180;35;
49;29;66;52;151;180;36;
48;29;66;52;151;180;37;
47;29;66;52;151;180;38;
46;29;66;52;151;180;39;
46;29;66;52;151;180;40;
45;29;66;52;151;180;41;
44;29;66;52;151;180;42;
43;29;66;52;151;180;43;
43;29;66;52;151;180;44;
42;29;66;52;151;180;45;
41;29;66;52;151;180;46;
40;29;66;52;151;180;47;
40;29;66;52;151;180;48;
39;29;66;52;151;180;49;
38;29;66;52;151;180;50;
37;29;66;52;151;180;51;
36;29;66;52;151;180;52;
36;29;66;52;151;180;53;
35;29;66;52;151;180;54;
34;29;66;52;151;180;55;
33;29;66;52;151;180;56;
33;29;66;52;151;180;57;
32;29;66;52;151;180;58;
31;29;66;52;151;180;59;
30;29;66;52;151;180;60;
30;29;66;52;151;180;61;
29;29;66;52;151;180;62;
28;29;66;52;151;180;63;
27;29;66;52;151;180;64;
27;29;66;52;151;180;65;
26;29;66;52;151;180;66;
25;29;66;52;151;180;67;
24;29;66;52;151;180;68;
24;29;66;52;151;180;69;
23;29;66;52;151;180;70;
22;29;66;52;151;180;71;
21;29;66;52;151;180;72;
21;29;66;52;151;180;73;
20;29;66;52;151;180;74;
19;29;66;52;151;180;75;
18;29;66;52;151;180;76;
17;29;66;52;151;180;77;
17;29;66;52;151;180;78;
16;29;66;52;151;180;79;
15;29;66;52;151;180;80;
14;29;66;52;151;180;81;
14;29;66;52;151;180;82;
13;29;66;52;151;180;83;
12;29;66;52;151;180;84;
11;29;66;52;151;180;85;
11;29;66;52;151;180;86;
10;29;66;52;151;180;87;
9;29;66;52;151;180;88;
8;29;66;52;151;180;89;
8;29;66;52;151;180;90;
7;29;66;52;151;180;91;
6;29;66;52;151;180;92;
5;29;66;52;151;180;93;
5;29;66;52;151;180;94;
4;29;66;52;151;180;95;
3;29;66;52;151;180;96;
2;29;66;52;151;180;97;
2;29;66;52;151;180;98;
1;29;66;52;151;180;99;
0;29;66;52;151;180;100;
0;29;67;52;151;180;1;
0;29;68;52;151;180;2;
0;29;69;52;151;180;3;
0;29;71;52;151;180;4;
0;29;72;52;151;180;5;
0;29;73;52;151;180;6;
0;29;74;52;151;180;7;
0;29;75;52;151;180;8;
0;29;76;52;151;180;9;
0;29;77;52;151;180;10;
0;29;79;52;151;180;11;
0;29;80;52;151;180;12;
0;29;81;52;151;180;13;
0;29;82;52;151;180;14;
0;29;83;52;151;180;15;
0;29;84;52;151;180;16;
0;29;85;52;151;180;17;
0;29;87;52;151;180;18;
0;29;88;52;151;180;19;
0;29;89;52;151;180;20;
0;29;90;52;151;180;21;
0;29;91;52;151;180;22;
0;29;92;52;151;180;23;
0;29;93;52;151;180;24;
0;29;94;52;151;180;25;
0;29;96;52;151;180;26;
0;29;97;52;151;180;27;
0;29;98;52;151;180;28;
0;29;99;52;151;180;29;
0;29;100;52;151;180;30;
0;29;101;52;151;180;31;
0;29;102;52;151;180;32;
0;29;104;52;151;180;33;
0;29;105;52;151;180;34;
0;29;106;52;151;180;35;
0;29;107;52;151;180;36;
0;29;108;52;151;180;37;
0;29;109;52;151;180;38;
0;29;110;52;151;180;39;
0;29;112;52;151;180;40;
0;29;113;52;151;180;41;
0;29;114;52;151;180;42;
0;29;115;52;151;180;43;
0;29;116;52;151;180;44;
0;29;117;52;151;180;45;
0;29;118;52;151;180;46;
0;29;120;52;151;180;47;
0;29;121;52;151;180;48;
0;29;122;52;151;180;49;
0;29;123;52;151;180;50;
0;29;124;52;151;180;51;
0;29;125;52;151;180;52;
0;29;126;52;151;180;53;
0;29;128;52;151;180;54;
0;29;129;52;151;180;55;
0;29;130;52;151;180;56;
0;29;131;52;151;180;57;
0;29;132;52;151;180;58;
0;29;133;52;151;180;59;
0;29;134;52;151;180;60;
0;29;136;52;151;180;61;
0;29;137;52;151;180;62;
0;29;138;52;151;180;63;
0;29;139;52;151;180;64;
0;29;140;52;151;180;65;
0;29;141;52;151;180;66;
0;29;142;52;151;180;67;
0;29;144;52;151;180;68;
0;29;145;52;151;180;69;
0;29;146;52;151;180;70;
0;29;147;52;151;180;71;
0;29;148;52;151;180;72;
0;29;149;52;151;180;73;
0;29;150;52;151;180;74;
0;29;152;52;151;180;75;
0;29;153;52;151;180;76;
0;29;154;52;151;180;77;
0;29;155;52;151;180;78;
0;29;156;52;151;180;79;
0;29;157;52;151;180;80;
0;29;158;52;151;180;81;
0;29;159;52;151;180;82;
0;29;161;52;151;180;83;
0;29;162;52;151;180;84;
0;29;163;52;151;180;85;
0;29;164;52;151;180;86;
0;29;165;52;151;180;87;
0;29;166;52;151;180;88;
0;29;167;52;151;180;89;
0;29;169;52;151;180;90;
0;29;170;52;151;180;91;
0;29;171;52;151;180;92;
0;29;172;52;151;180;93;
0;29;173;52;151;180;94;
0;29;174;52;151;180;95;
0;29;175;52;151;180;96;
0;29;177;52;151;180;97;
0;29;178;52;151;180;98;
0;29;179;52;151;180;99;
0;29;180;52;151;180;100;
76;143;175;52;151;180;1;
76;142;174;52;151;180;2;
76;141;173;52;151;180;3;
76;139;172;52;151;180;4;
76;138;170;52;151;180;5;
76;137;169;52;151;180;6;
76;136;168;52;151;180;7;
76;135;167;52;151;180;8;
76;134;166;52;151;180;9;
76;132;165;52;151;180;10;
76;131;164;52;151;180;11;
76;130;163;52;151;180;12;
76;129;162;52;151;180;13;
76;128;161;52;151;180;14;
76;127;160;52;151;180;15;
76;126;158;52;151;180;16;
76;124;157;52;151;180;17;
76;123;156;52;151;180;18;
76;122;155;52;151;180;19;
76;121;154;52;151;180;20;
76;120;153;52;151;180;21;
76;119;152;52;151;180;22;
76;118;151;52;151;180;23;
76;116;150;52;151;180;24;
76;115;148;52;151;180;25;
76;114;147;52;151;180;26;
76;113;146;52;151;180;27;
76;112;145;52;151;180;28;
76;111;144;52;151;180;29;
76;110;143;52;151;180;30;
76;108;142;52;151;180;31;
76;107;141;52;151;180;32;
76;106;140;52;151;180;33;
76;105;139;52;151;180;34;
76;104;138;52;151;180;35;
76;103;136;52;151;180;36;
76;101;135;52;151;180;37;
76;100;134;52;151;180;38;
76;99;133;52;151;180;39;
76;98;132;52;151;180;40;
76;97;131;52;151;180;41;
76;96;130;52;151;180;42;
76;95;129;52;151;180;43;
76;93;128;52;151;180;44;
76;92;126;52;151;180;45;
76;91;125;52;151;180;46;
76;90;124;52;151;180;47;
76;89;123;52;151;180;48;
76;88;122;52;151;180;49;
76;86;121;52;151;180;50;
76;85;120;52;151;180;51;
76;84;119;52;151;180;52;
76;83;118;52;151;180;53;
76;82;117;52;151;180;54;
76;81;116;52;151;180;55;
76;80;114;52;151;180;56;
76;78;113;52;151;180;57;
76;77;112;52;151;180;58;
76;76;111;52;151;180;59;
76;75;110;52;151;180;60;
76;74;109;52;151;180;61;
76;73;108;52;151;180;62;
76;72;107;52;151;180;63;
76;70;106;52;151;180;64;
76;69;104;52;151;180;65;
76;68;103;52;151;180;66;
76;67;102;52;151;180;67;
76;66;101;52;151;180;68;
76;65;100;52;151;180;69;
76;64;99;52;151;180;70;
76;62;98;52;151;180;71;
76;61;97;52;151;180;72;
76;60;96;52;151;180;73;
76;59;95;52;151;180;74;
76;58;94;52;151;180;75;
76;57;92;52;151;180;76;
76;55;91;52;151;180;77;
76;54;90;52;151;180;78;
76;53;89;52;151;180;79;
76;52;88;52;151;180;80;
76;51;87;52;151;180;81;
76;50;86;52;151;180;82;
76;49;85;52;151;180;83;
76;47;84;52;151;180;84;
76;46;82;52;151;180;85;
76;45;81;52;151;180;86;
76;44;80;52;151;180;87;
76;43;79;52;151;180;88;
76;42;78;52;151;180;89;
76;40;77;52;151;180;90;
76;39;76;52;151;180;91;
76;38;75;52;151;180;92;
76;37;74;52;151;180;93;
76;36;73;52;151;180;94;
76;35;72;52;151;180;95;
76;34;70;52;151;180;96;
76;32;69;52;151;180;97;
76;31;68;52;151;180;98;
76;30;67;52;151;180;99;
76;29;66;52;151;180;100;
75;29;66;52;151;180;1;
74;29;66;52;151;180;2;
74;29;66;52;151;180;3;
73;29;66;52;151;180;4;
72;29;66;52;151;180;5;
71;29;66;52;151;180;6;
71;29;66;52;151;180;7;
70;29;66;52;151;180;8;
69;29;66;52;151;180;9;
68;29;66;52;151;180;10;
68;29;66;52;151;180;11;
67;29;66;52;151;180;12;
66;29;66;52;151;180;13;
65;29;66;52;151;180;14;
65;29;66;52;151;180;15;
64;29;66;52;151;180;16;
63;29;66;52;151;180;17;
62;29;66;52;151;180;18;
62;29;66;52;151;180;19;
61;29;66;52;151;180;20;
60;29;66;52;151;180;21;
59;29;66;52;151;180;22;
59;29;66;52;151;180;23;
58;29;66;52;151;180;24;
57;29;66;52;151;180;25;
56;29;66;52;151;180;26;
55;29;66;52;151;180;27;
55;29;66;52;151;180;28;
54;29;66;52;151;180;29;
53;29;66;52;151;180;30;
52;29;66;52;151;180;31;
52;29;66;52;151;180;32;
51;29;66;52;151;180;33;
50;29;66;52;151;180;34;
49;29;66;52;151;180;35;
49;29;66;52;151;180;36;
48;29;66;52;151;180;37;
47;29;66;52;151;180;38;
46;29;66;52;151;180;39;
46;29;66;52;151;180;40;
45;29;66;52;151;180;41;
44;29;66;52;151;180;42;
43;29;66;52;151;180;43;
43;29;66;52;151;180;44;
42;29;66;52;151;180;45;
41;29;66;52;151;180;46;
40;29;66;52;151;180;47;
40;29;66;52;151;180;48;
39;29;66;52;151;180;49;
38;29;66;52;151;180;50;
37;29;66;52;151;180;51;
36;29;66;52;151;180;52;
36;29;66;52;151;180;53;
35;29;66;52;151;180;54;
34;29;66;52;151;180;55;
33;29;66;52;151;180;56;
33;29;66;52;151;180;57;
32;29;66;52;151;180;58;
31;29;66;52;151;180;59;
30;29;66;52;151;180;60;
30;29;66;52;151;180;61;
29;29;66;52;151;180;62;
28;29;66;52;151;180;63;
27;29;66;52;151;180;64;
27;29;66;52;151;180;65;
26;29;66;52;151;180;66;
25;29;66;52;151;180;67;
24;29;66;52;151;180;68;
24;29;66;52;151;180;69;
23;29;66;52;151;180;70;
22;29;66;52;151;180;71;
21;29;66;52;151;180;72;
21;29;66;52;151;180;73;
20;29;66;52;151;180;74;
19;29;66;52;151;180;75;
18;29;66;52;151;180;76;
17;29;66;52;151;180;77;
17;29;66;52;151;180;78;
16;29;66;52;151;180;79;
15;29;66;52;151;180;80;
14;29;66;52;151;180;81;
14;29;66;52;151;180;82;
13;29;66;52;151;180;83;
12;29;66;52;151;180;84;
11;29;66;52;151;180;85;
11;29;66;52;151;180;86;
10;29;66;52;151;180;87;
9;29;66;52;151;180;88;
8;29;66;52;151;180;89;
8;29;66;52;151;180;90;
7;29;66;52;151;180;91;
6;29;66;52;151;180;92;
5;29;66;52;151;180;93;
5;29;66;52;151;180;94;
4;29;66;52;151;180;95;
3;29;66;52;151;180;96;
2;29;66;52;151;180;97;
2;29;66;52;151;180;98;
1;29;66;52;151;180;99;
0;29;66;52;151;180;100;
0;29;67;52;151;180;1;
0;29;68;52;151;180;2;
0;29;69;52;151;180;3;
0;29;71;52;151;180;4;
0;29;72;52;151;180;5;
0;29;73;52;151;180;6;
0;29;74;52;151;180;7;
0;29;75;52;151;180;8;
0;29;76;52;151;180;9;
0;29;77;52;151;180;10;
0;29;79;52;151;180;11;
0;29;80;52;151;180;12;
0;29;81;52;151;180;13;
0;29;82;52;151;180;14;
0;29;83;52;151;180;15;
0;29;84;52;151;180;16;
0;29;85;52;151;180;17;
0;29;87;52;151;180;18;
0;29;88;52;151;180;19;
0;29;89;52;151;180;20;
0;29;90;52;151;180;21;
0;29;91;52;151;180;22;
0;29;92;52;151;180;23;
0;29;93;52;151;180;24;
0;29;94;52;151;180;25;
0;29;96;52;151;180;26;
0;29;97;52;151;180;27;
0;29;98;52;151;180;28;
0;29;99;52;151;180;29;
0;29;100;52;151;180;30;
0;29;101;52;151;180;31;
0;29;102;52;151;180;32;
0;29;104;52;151;180;33;
0;29;105;52;151;180;34;
0;29;106;52;151;180;35;
0;29;107;52;151;180;36;
0;29;108;52;151;180;37;
0;29;109;52;151;180;38;
0;29;110;52;151;180;39;
0;29;112;52;151;180;40;
0;29;113;52;151;180;41;
0;29;114;52;151;180;42;
0;29;115;52;151;180;43;
0;29;116;52;151;180;44;
0;29;117;52;151;180;45;
0;29;118;52;151;180;46;
0;29;120;52;151;180;47;
0;29;121;52;151;180;48;
0;29;122;52;151;180;49;
0;29;123;52;151;180;50;
0;29;124;52;151;180;51;
0;29;125;52;151;180;52;
0;29;126;52;151;180;53;
0;29;128;52;151;180;54;
0;29;129;52;151;180;55;
0;29;130;52;151;180;56;
0;29;131;52;151;180;57;
0;29;132;52;151;180;58;
0;29;133;52;151;180;59;
0;29;134;52;151;180;60;
0;29;136;52;151;180;61;
0;29;137;52;151;180;62;
0;29;138;52;151;180;63;
0;29;139;52;151;180;64;
0;29;140;52;151;180;65;
0;29;141;52;151;180;66;
0;29;142;52;151;180;67;
0;29;144;52;151;180;68;
0;29;145;52;151;180;69;
0;29;146;52;151;180;70;
0;29;147;52;151;180;71;
0;29;148;52;151;180;72;
0;29;149;52;151;180;73;
0;29;150;52;151;180;74;
0;29;152;52;151;180;75;
0;29;153;52;151;180;76;
0;29;154;52;151;180;77;
0;29;155;52;151;180;78;
0;29;156;52;151;180;79;
0;29;157;52;151;180;80;
0;29;158;52;151;180;81;
0;29;159;52;151;180;82;
0;29;161;52;151;180;83;
0;29;162;52;151;180;84;
0;29;163;52;151;180;85;
0;29;164;52;151;180;86;
0;29;165;52;151;180;87;
0;29;166;52;151;180;88;
0;29;167;52;151;180;89;
0;29;169;52;151;180;90;
0;29;170;52;151;180;91;
0;29;171;52;151;180;92;
0;29;172;52;151;180;93;
0;29;173;52;151;180;94;
0;29;174;52;151;180;95;
0;29;175;52;151;180;96;
0;29;177;52;151;180;97;
0;29;178;52;151;180;98;
0;29;179;52;151;180;99;
0;29;180;52;151;180;100;
